出表日期,年度,季別,公司代號,公司名稱,流動資產,非流動資產,資產總計,流動負債,非流動負債,負債總計,股本,權益─具證券性質之虛擬通貨,資本公積,保留盈餘,其他權益,庫藏股票,歸屬於母公司業主之權益合計,共同控制下前手權益,合併前非屬共同控制股權,非控制權益,權益總計,待註銷股本股數（單位：股）,預收股款（權益項下）之約當發行股數（單位：股）,母公司暨子公司所持有之母公司庫藏股股數（單位：股）,每股參考淨值
"115/08/21","115","2","1240","茂生農經","1285947.00","1029176.00","2315123.00","702217.00","51327.00","753544.00","464440.00","--","144279.00","795286.00","95998.00","--","1500003.00","--","--","61576.00","1561579.00","--","0.00","0.00","33.91"
"115/08/21","115","2","1259","安心","1743835.00","5435597.00","7179432.00","2086650.00","2279302.00","4365952.00","323895.00","--","809816.00","1064487.00","606599.00","--","2804797.00","--","--","8683.00","2813480.00","0.00","0.00","0.00","86.60"
"115/08/21","115","2","1264","德麥","3396657.00","2789114.00","6185771.00","1690983.00","94156.00","1785139.00","370524.00","--","673219.00","2470077.00","37649.00","0.00","3551469.00","--","--","849163.00","4400632.00","--","0.00","0.00","95.85"
"115/08/21","115","2","1268","漢來美食","2360830.00","5143168.00","7503998.00","2448996.00","2653768.00","5102764.00","422237.00","--","1123334.00","837322.00","18341.00","--","2401234.00","--","--","--","2401234.00","--","0.00","0.00","56.87"
"115/08/21","115","2","1294","漢田生技","632919.00","594131.00","1227050.00","316249.00","88513.00","404762.00","366259.00","--","313785.00","167526.00","--","-28362.00","819208.00","--","--","3080.00","822288.00","--","0.00","300000.00","27.06"
"115/08/21","115","2","1295","生合","911192.00","2314828.00","3226020.00","836734.00","1078610.00","1915344.00","344748.00","--","402588.00","544313.00","19027.00","--","1310676.00","--","--","--","1310676.00","0.00","0.00","0.00","38.02"
"115/08/21","115","2","1336","台翰","1421203.00","1973502.00","3394705.00","1174952.00","320560.00","1495512.00","776144.00","--","676871.00","568976.00","-122798.00","--","1899193.00","--","--","--","1899193.00","0.00","0.00","0.00","24.47"
"115/08/21","115","2","1565","精華","4110234.00","3617036.00","7727270.00","1183403.00","133369.00","1316772.00","504165.00","--","526000.00","5378133.00","2200.00","--","6410498.00","--","--","--","6410498.00","0.00","0.00","0.00","127.15"
"115/08/21","115","2","1569","濱川","4010131.00","2982886.00","6993017.00","3098257.00","748626.00","3846883.00","1442474.00","--","1809696.00","-262910.00","-18439.00","--","2970821.00","--","--","175313.00","3146134.00","--","0.00","0.00","20.60"
"115/08/21","115","2","1570","力肯","878316.00","316555.00","1194871.00","148929.00","8833.00","157762.00","515008.00","--","--","427118.00","94983.00","--","1037109.00","--","--","--","1037109.00","0.00","0.00","0.00","20.14"
"115/08/21","115","2","1580","新麥","2946410.00","1816461.00","4762871.00","1236101.00","239264.00","1475365.00","493392.00","--","212373.00","2394243.00","14570.00","0.00","3114578.00","--","--","172928.00","3287506.00","--","0.00","0.00","63.13"
"115/08/21","115","2","1584","精剛","2992632.00","4686582.00","7679214.00","547276.00","2402110.00","2949386.00","2324705.00","--","2044435.00","520231.00","-54777.00","-177757.00","4656837.00","--","--","72991.00","4729828.00","0.00","0.00","7518000.00","20.70"
"115/08/21","115","2","1586","和勤","1919000.00","1787309.00","3706309.00","1231062.00","466660.00","1697722.00","1068495.00","--","832685.00","339400.00","-11669.00","-220324.00","2008587.00","--","--","--","2008587.00","0.00","0.00","5554000.00","19.83"
"115/08/21","115","2","1593","祺驊","1183649.00","701906.00","1885555.00","382092.00","34654.00","416746.00","397848.00","--","586226.00","436763.00","-54592.00","--","1366245.00","--","--","102564.00","1468809.00","--","0.00","0.00","34.34"
"115/08/21","115","2","1595","川寶","2448582.00","1548791.00","3997373.00","931135.00","372934.00","1304069.00","555549.00","--","815895.00","1328612.00","592.00","-7623.00","2693025.00","--","--","279.00","2693304.00","--","0.00","233000.00","48.68"
"115/08/21","115","2","1599","宏佳騰","1218226.00","1442000.00","2660226.00","536033.00","243035.00","779068.00","730287.00","--","403213.00","796955.00","-49780.00","-32370.00","1848305.00","--","--","32853.00","1881158.00","0.00","0.00","1000000.00","25.66"
"115/08/21","115","2","1742","台蠟","347598.00","1099314.00","1446912.00","118710.00","55891.00","174601.00","926713.00","--","162473.00","165721.00","17404.00","0.00","1272311.00","--","--","--","1272311.00","0.00","0.00","0.00","13.73"
"115/08/21","115","2","1777","生泰","1791495.00","1373257.00","3164752.00","522801.00","65004.00","587805.00","445917.00","--","983776.00","1147254.00","0.00","--","--","--","--","--","2576947.00","0.00","0.00","0.00","57.79"
"115/08/21","115","2","1780","立弘","1897889.00","659350.00","2557239.00","1001099.00","40286.00","1041385.00","1090752.00","--","204438.00","211017.00","9647.00","--","1515854.00","--","--","--","1515854.00","0.00","0.00","0.00","13.90"
"115/08/21","115","2","1781","合世","421300.00","234473.00","655773.00","155396.00","197145.00","352541.00","474076.00","--","35107.00","-154501.00","-51450.00","--","303232.00","--","--","--","303232.00","0.00","0.00","0.00","6.40"
"115/08/21","115","2","1784","訊聯","1921160.00","1159182.00","3080342.00","450131.00","429193.00","879324.00","531212.00","--","769056.00","89315.00","-8584.00","-153477.00","1227522.00","--","--","973496.00","2201018.00","0.00","0.00","3291000.00","24.63"
"115/08/21","115","2","1785","光洋科","31051034.00","8748272.00","39799306.00","17951058.00","4924702.00","22875760.00","5959802.00","--","4277296.00","5967203.00","11577.00","--","16215878.00","--","--","707668.00","16923546.00","--","0.00","0.00","27.21"
"115/08/21","115","2","1788","杏昌","2729499.00","2564953.00","5294452.00","1754321.00","587787.00","2342108.00","445210.00","--","1601988.00","943997.00","-38851.00","--","2952344.00","--","--","--","2952344.00","0.00","0.00","0.00","66.31"
"115/08/21","115","2","1796","金穎生技","586870.00","679347.00","1266217.00","188046.00","294261.00","482307.00","414598.00","--","294336.00","76396.00","-1420.00","--","783910.00","--","--","--","783910.00","0.00","0.00","0.00","18.91"
"115/08/21","115","2","1799","易威","706361.00","585560.00","1291921.00","263831.00","304622.00","568453.00","1246895.00","--","43902.00","-607925.00","26410.00","--","709282.00","--","--","14186.00","723468.00","0.00","0.00","0.00","5.69"
"115/08/21","115","2","1813","寶利徠","364773.00","603477.00","968250.00","294417.00","10023.00","304440.00","466355.00","--","220149.00","24814.00","-17983.00","--","693335.00","--","--","-29525.00","663810.00","--","0.00","0.00","14.87"
"115/08/21","115","2","1815","富喬","8220538.00","13243036.00","21463574.00","3000416.00","4763924.00","7764340.00","6147035.00","--","5813012.00","2020619.00","-266991.00","-14441.00","13699234.00","--","--","--","13699234.00","--","0.00","600000.00","23.42"
"115/08/21","115","2","2035","唐榮公司","4569979.00","14071766.00","18641745.00","3866615.00","12310938.00","16177553.00","3500000.00","--","46.00","-1136528.00","100674.00","--","--","--","--","--","2464192.00","--","0.00","0.00","7.04"
"115/08/21","115","2","2061","風青","1065698.00","245004.00","1310702.00","601767.00","30345.00","632112.00","573781.00","--","33734.00","61065.00","10010.00","--","678590.00","--","--","--","678590.00","0.00","0.00","0.00","11.83"
"115/08/21","115","2","2063","世鎧精密","1099120.00","952900.00","2052020.00","851519.00","238810.00","1090329.00","481015.00","--","241906.00","385616.00","-146786.00","-60.00","961691.00","--","--","--","961691.00","--","0.00","2000.00","19.99"
"115/08/21","115","2","2064","晉椿","1073836.00","1342568.00","2416404.00","1392308.00","95201.00","1487509.00","693300.00","--","101567.00","151012.00","-17726.00","--","928153.00","--","--","742.00","928895.00","--","0.00","0.00","13.39"
"115/08/21","115","2","2065","世豐","1426844.00","2116622.00","3543466.00","1100831.00","633528.00","1734359.00","635167.00","--","778544.00","586854.00","-191458.00","--","1809107.00","--","--","--","1809107.00","--","0.00","0.00","28.48"
"115/08/21","115","2","2066","世德","2599900.00","1162055.00","3761955.00","1322288.00","282284.00","1604572.00","444495.00","--","515893.00","1233719.00","-19971.00","-16753.00","2157383.00","--","--","--","2157383.00","0.00","0.00","260000.00","48.82"
"115/08/21","115","2","2067","嘉鋼","850782.00","1079497.00","1930279.00","1398940.00","307076.00","1706016.00","451382.00","--","--","-411095.00","152001.00","--","192288.00","--","--","31975.00","224263.00","--","0.00","0.00","4.26"
"115/08/21","115","2","2070","精湛","1042947.00","689349.00","1732296.00","455553.00","94388.00","549941.00","417828.00","--","158740.00","647618.00","-41831.00","--","1182355.00","--","--","--","1182355.00","0.00","0.00","0.00","28.30"
"115/08/21","115","2","2073","雄順","299158.00","518333.00","817491.00","315904.00","107766.00","423670.00","275000.00","--","54953.00","66710.00","-2842.00","--","--","--","--","--","393821.00","--","0.00","0.00","14.32"
"115/08/21","115","2","2221","大甲","1354227.00","498510.00","1852737.00","519520.00","152384.00","671904.00","423250.00","0.00","59634.00","601742.00","-69.00","0.00","1084557.00","0.00","--","96276.00","1180833.00","0.00","0.00","0.00","25.62"
"115/08/21","115","2","2230","泰茂","1288292.00","652432.00","1940724.00","667210.00","195100.00","862310.00","680296.00","--","224896.00","150498.00","34975.00","-30501.00","1060164.00","--","--","18250.00","1078414.00","0.00","0.00","1000000.00","15.82"
"115/08/21","115","2","2235","謚源","496258.00","941932.00","1438190.00","203605.00","38490.00","242095.00","358780.00","--","497802.00","339513.00","0.00","--","--","--","--","--","1196095.00","--","0.00","0.00","33.34"
"115/08/21","115","2","2596","綠意","5630259.00","558787.00","6189046.00","3276184.00","400000.00","3676184.00","1000000.00","--","189208.00","967737.00","0.00","--","2156945.00","--","--","355917.00","2512862.00","--","0.00","0.00","21.57"
"115/08/21","115","2","2640","大車隊","1904616.00","2187284.00","4091900.00","1678997.00","327018.00","2006015.00","592650.00","--","497933.00","914610.00","-2502.00","--","2002691.00","--","--","83194.00","2085885.00","0.00","0.00","0.00","33.79"
"115/08/21","115","2","2641","正德","2578547.00","12241503.00","14820050.00","805365.00","4759870.00","5565235.00","3303337.00","--","1806846.00","2968815.00","339442.00","--","8418440.00","--","--","836375.00","9254815.00","0.00","0.00","0.00","25.48"
"115/08/21","115","2","2643","捷迅","2697625.00","486443.00","3184068.00","1116301.00","111864.00","1228165.00","350000.00","--","421105.00","1115632.00","69166.00","--","1955903.00","--","--","--","1955903.00","--","0.00","0.00","55.88"
"115/08/21","115","2","2718","全心投控","4380620.00","3053667.00","7434287.00","816360.00","516208.00","1332568.00","875760.00","--","741359.00","4581967.00","-11457.00","-85910.00","6101719.00","--","--","--","6101719.00","--","0.00","1766000.00","71.11"
"115/08/21","115","2","2719","燦星旅","726920.00","299621.00","1026541.00","269171.00","11847.00","281018.00","691825.00","--","15125.00","38573.00","--","--","745523.00","--","--","--","745523.00","0.00","0.00","0.00","10.78"
"115/08/21","115","2","2729","瓦城","1243111.00","5151566.00","6394677.00","2691211.00","1431772.00","4122983.00","430408.00","--","1368275.00","605841.00","-14710.00","-140357.00","2249457.00","--","--","22237.00","2271694.00","0.00","0.00","754000.00","53.20"
"115/08/21","115","2","2732","六角","2129804.00","3681152.00","5810956.00","2086732.00","1514324.00","3601056.00","465186.00","--","1134664.00","380497.00","-20591.00","-177744.00","1782012.00","--","--","427888.00","2209900.00","--","0.00","1823000.00","39.87"
"115/08/21","115","2","2734","易飛網","706291.00","411527.00","1117818.00","411848.00","51195.00","463043.00","572598.00","--","282223.00","-196110.00","-4647.00","--","654064.00","--","--","711.00","654775.00","--","0.00","0.00","11.42"
"115/08/21","115","2","2736","富野","325363.00","1971923.00","2297286.00","305371.00","578607.00","883978.00","799721.00","--","663059.00","-36331.00","-56395.00","--","1370054.00","--","--","43254.00","1413308.00","0.00","0.00","0.00","17.13"
"115/08/21","115","2","2740","華軒","137141.00","36318.00","173459.00","16077.00","29086.00","45163.00","167620.00","--","56777.00","-96088.00","-13.00","--","128296.00","--","--","--","128296.00","--","0.00","0.00","7.65"
"115/08/21","115","2","2743","山富","2456993.00","856286.00","3313279.00","1870040.00","308356.00","2178396.00","468152.00","--","213608.00","453123.00","--","--","1134883.00","--","--","--","1134883.00","--","0.00","0.00","24.24"
"115/08/21","115","2","2745","五福","2798346.00","237014.00","3035360.00","1765573.00","351518.00","2117091.00","338085.00","--","124169.00","456015.00","--","--","918269.00","--","--","--","918269.00","--","0.00","0.00","27.16"
"115/08/21","115","2","2751","王座","448396.00","816666.00","1265062.00","427597.00","335190.00","762787.00","198144.00","--","164911.00","71046.00","-53.00","--","434048.00","--","--","68227.00","502275.00","--","53750.00","0.00","21.85"
"115/08/21","115","2","2752","豆府","1173627.00","1136883.00","2310510.00","640314.00","408815.00","1049129.00","266939.00","--","483986.00","495960.00","-8388.00","--","1238497.00","--","--","22884.00","1261381.00","--","0.00","0.00","46.40"
"115/08/21","115","2","2754","亞洲藏壽司","903953.00","4224512.00","5128465.00","1121064.00","2180000.00","3301064.00","469110.00","--","583085.00","772855.00","2351.00","--","1827401.00","--","--","--","1827401.00","--","40000.00","0.00","38.96"
"115/08/21","115","2","2755","揚秦","1054651.00","1332922.00","2387573.00","709849.00","572008.00","1281857.00","467925.00","--","274882.00","360409.00","2500.00","--","1105716.00","--","--","--","1105716.00","--","166087.00","0.00","29.45"
"115/08/21","115","2","2756","聯發國際","674119.00","642200.00","1316319.00","534726.00","223407.00","758133.00","245976.00","--","185302.00","135837.00","10192.00","-27904.00","549403.00","--","--","8783.00","558186.00","--","0.00","353000.00","22.66"
"115/08/21","115","2","2916","滿心","1240749.00","726285.00","1967034.00","359427.00","68381.00","427808.00","646269.00","--","463666.00","431194.00","-1903.00","--","--","--","--","--","1539226.00","0.00","0.00","0.00","23.82"
"115/08/21","115","2","2924","宏太-KY","993743.00","40688.00","1034431.00","581053.00","1391.00","582444.00","520359.00","--","207394.00","-274951.00","-815.00","--","451987.00","--","--","--","451987.00","--","0.00","0.00","8.69"
"115/08/21","115","2","2926","誠品生活","4472932.00","10293063.00","14765995.00","5234554.00","8909952.00","14144506.00","473897.00","--","79121.00","19123.00","43244.00","--","615385.00","--","--","6104.00","621489.00","0.00","0.00","0.00","12.99"
"115/08/21","115","2","2937","集雅社","2204649.00","846892.00","3051541.00","1922527.00","31345.00","1953872.00","478962.00","--","136138.00","482569.00","--","--","1097669.00","--","--","--","1097669.00","0.00","0.00","0.00","25.21"
"115/08/21","115","2","2941","米斯特","405383.00","339737.00","745120.00","221117.00","178003.00","399120.00","153900.00","--","151372.00","41263.00","-535.00","--","--","--","--","--","346000.00","0.00","0.00","0.00","22.48"
"115/08/21","115","2","2947","振宇五金","879039.00","2217310.00","3096349.00","768296.00","1510189.00","2278485.00","236424.00","--","313504.00","283680.00","-15744.00","--","817864.00","--","--","--","817864.00","0.00","0.00","0.00","38.05"
"115/08/21","115","2","2948","寶陞","1901179.00","496439.00","2397618.00","1000741.00","377018.00","1377759.00","320000.00","--","400597.00","257135.00","42127.00","--","1019859.00","--","--","--","1019859.00","--","0.00","0.00","32.90"
"115/08/21","115","2","2949","欣新網","2884574.00","302717.00","3187291.00","1790098.00","200189.00","1990287.00","306411.00","--","452617.00","369432.00","-1815.00","-65278.00","1061367.00","--","--","135637.00","1197004.00","--","0.00","785000.00","35.55"
"115/08/21","115","2","3064","泰偉","49565.00","253522.00","303087.00","80454.00","167524.00","247978.00","130115.00","--","774.00","-86931.00","6965.00","--","50923.00","--","--","4186.00","55109.00","--","0.00","0.00","3.91"
"115/08/21","115","2","3066","李洲","1196087.00","1206402.00","2402489.00","538025.00","98097.00","636122.00","830706.00","--","33136.00","326060.00","473316.00","--","1663218.00","--","--","103149.00","1766367.00","--","0.00","0.00","20.02"
"115/08/21","115","2","3067","全域","62137.00","243473.00","305610.00","7529.00","50184.00","57713.00","200000.00","--","18210.00","29687.00","0.00","--","247897.00","--","--","--","247897.00","--","0.00","0.00","12.39"
"115/08/21","115","2","3071","協禧","3043926.00","1180132.00","4224058.00","1914173.00","302399.00","2216572.00","1100000.00","--","64372.00","363951.00","14509.00","--","1542832.00","--","--","464654.00","2007486.00","0.00","0.00","0.00","14.03"
"115/08/21","115","2","3073","天方能源","392115.00","1957058.00","2349173.00","1217669.00","461887.00","1679556.00","395111.00","--","301191.00","6092.00","-33315.00","--","669079.00","--","--","538.00","669617.00","--","0.00","0.00","16.93"
"115/08/21","115","2","3078","僑威","8338002.00","2179481.00","10517483.00","3047395.00","642279.00","3689674.00","2273911.00","--","214554.00","4221874.00","117470.00","--","6827809.00","--","--","--","6827809.00","--","0.00","0.00","30.03"
"115/08/21","115","2","3081","聯亞","3350420.00","2867124.00","6217544.00","1163237.00","335401.00","1498638.00","1017690.00","--","1800026.00","1904344.00","-3154.00","--","--","--","--","--","4718906.00","--","0.00","0.00","51.01"
"115/08/21","115","2","3083","網龍","758123.00","713822.00","1471945.00","132555.00","12052.00","144607.00","864869.00","--","359065.00","29326.00","42141.00","--","1295401.00","--","--","31937.00","1327338.00","--","0.00","0.00","14.98"
"115/08/21","115","2","3085","新零售","340067.00","148896.00","488963.00","95311.00","7265.00","102576.00","690193.00","--","0.00","-309637.00","5831.00","--","386387.00","--","--","--","386387.00","--","0.00","0.00","5.60"
"115/08/21","115","2","3086","華義*","224633.00","113858.00","338491.00","30802.00","1455.00","32257.00","272710.00","--","29199.00","-536.00","-156.00","--","301217.00","--","--","5017.00","306234.00","--","0.00","0.00","1.10"
"115/08/21","115","2","3088","艾訊","5801856.00","2668647.00","8470503.00","2417612.00","435983.00","2853595.00","1309676.00","--","1164155.00","3009503.00","67365.00","--","5550699.00","--","--","66209.00","5616908.00","--","2366838.00","0.00","50.00"
"115/08/21","115","2","3093","港建*","1384024.00","963589.00","2347613.00","768130.00","6309.00","774439.00","362888.00","--","44670.00","612870.00","552746.00","--","1573174.00","--","--","0.00","1573174.00","--","0.00","0.00","10.84"
"115/08/21","115","2","3095","及成","459514.00","581983.00","1041497.00","366856.00","473446.00","840302.00","161800.00","--","89843.00","-67011.00","16563.00","--","201195.00","--","--","--","201195.00","0.00","0.00","0.00","12.43"
"115/08/21","115","2","3105","穩懋","15780547.00","47709414.00","63489961.00","9749518.00","9493151.00","19242669.00","4239404.00","--","10058920.00","19658326.00","9853774.00","--","43810424.00","--","--","436868.00","44247292.00","--","0.00","0.00","103.34"
"115/08/21","115","2","3114","好德","2228666.00","467965.00","2696631.00","1027298.00","24346.00","1051644.00","677226.00","--","52062.00","717592.00","215268.00","-17161.00","1644987.00","--","--","--","1644987.00","--","0.00","700000.00","25.53"
"115/08/21","115","2","3115","富榮綱","589815.00","13673.00","603488.00","54056.00","8590.00","62646.00","721976.00","--","--","-185121.00","3987.00","--","540842.00","--","--","--","540842.00","--","0.00","0.00","7.49"
"115/08/21","115","2","3118","進階","450624.00","348453.00","799077.00","248660.00","10837.00","259497.00","324529.00","--","56048.00","159003.00","--","--","--","--","--","--","539580.00","0.00","0.00","0.00","16.63"
"115/08/21","115","2","3122","笙泉","221032.00","190041.00","411073.00","84590.00","2805.00","87395.00","407948.00","--","907.00","-85485.00","308.00","--","323678.00","--","--","--","323678.00","--","7092.00","0.00","7.94"
"115/08/21","115","2","3128","昇銳","701411.00","1247997.00","1949408.00","719793.00","430211.00","1150004.00","501565.00","--","150093.00","128140.00","--","0.00","779798.00","--","--","19606.00","799404.00","--","0.00","0.00","16.48"
"115/08/21","115","2","3131","弘塑","10912045.00","4444782.00","15356827.00","8365937.00","3804054.00","12169991.00","298316.00","--","2861299.00","2741306.00","167843.00","-2910002.00","3158762.00","--","--","28074.00","3186836.00","0.00","572696.00","1100000.00","109.94"
"115/08/21","115","2","3141","晶宏","1928386.00","2174031.00","4102417.00","1014429.00","251577.00","1266006.00","754607.00","--","418749.00","1568010.00","80275.00","-62495.00","2759146.00","--","--","77265.00","2836411.00","--","0.00","1074000.00","37.09"
"115/08/21","115","2","3147","大綜","7864300.00","657613.00","8521913.00","6559755.00","26715.00","6586470.00","436868.00","--","237150.00","1264281.00","-4085.00","--","1934214.00","--","--","1229.00","1935443.00","0.00","0.00","0.00","44.27"
"115/08/21","115","2","3152","璟德","2678191.00","1736224.00","4414415.00","754917.00","13732.00","768649.00","390162.00","--","573532.00","2682072.00","0.00","--","--","--","--","--","3645766.00","--","0.00","0.00","93.44"
"115/08/21","115","2","3158","嘉實","771001.00","568817.00","1339818.00","319628.00","65909.00","385537.00","306382.00","--","347937.00","306663.00","-6714.00","--","954268.00","--","--","13.00","954281.00","--","0.00","0.00","31.15"
"115/08/21","115","2","3162","精確","7267828.00","5497099.00","12764927.00","7458034.00","1105196.00","8563230.00","1543411.00","--","2165320.00","247538.00","163652.00","-4427.00","4115494.00","--","--","86203.00","4201697.00","0.00","0.00","95000.00","26.68"
"115/08/21","115","2","3163","波若威","3588763.00","799908.00","4388671.00","957658.00","144892.00","1102550.00","946353.00","--","601382.00","1766178.00","-27792.00","--","3286121.00","--","--","--","3286121.00","0.00","0.00","0.00","40.80"
"115/08/21","115","2","3169","亞信","2025306.00","161987.00","2187293.00","407951.00","10428.00","418379.00","633070.00","--","493438.00","653949.00","-11543.00","--","1768914.00","--","--","--","1768914.00","--","0.00","0.00","27.94"
"115/08/21","115","2","3171","炎洲流通","1367445.00","468847.00","1836292.00","1085344.00","51264.00","1136608.00","331181.00","--","164198.00","250805.00","12364.00","-195339.00","563209.00","--","--","136475.00","699684.00","0.00","0.00","3000000.00","18.70"
"115/08/21","115","2","3176","基亞","3850388.00","3051186.00","6901574.00","683231.00","1508132.00","2191363.00","1393068.00","--","225811.00","-132161.00","-10025.00","--","1476693.00","--","--","3233518.00","4710211.00","0.00","0.00","0.00","10.60"
"115/08/21","115","2","3178","公準","1057353.00","1713448.00","2770801.00","719559.00","835128.00","1554687.00","450500.00","--","171083.00","587065.00","458.00","--","1209106.00","--","--","7008.00","1216114.00","0.00","0.00","0.00","26.84"
"115/08/21","115","2","3188","鑫龍騰","10296606.00","15504.00","10312110.00","5355439.00","1592907.00","6948346.00","1890878.00","--","247597.00","1225289.00","0.00","--","3363764.00","--","--","--","3363764.00","--","755599.00","0.00","17.79"
"115/08/21","115","2","3191","雲嘉南","222582.00","159568.00","382150.00","43781.00","94377.00","138158.00","435974.00","--","3385.00","-195306.00","-61.00","--","243992.00","--","--","--","243992.00","--","0.00","0.00","5.60"
"115/08/21","115","2","3205","佰研","882123.00","255259.00","1137382.00","133284.00","1159.00","134443.00","675456.00","--","370412.00","-47891.00","3103.00","--","1001080.00","--","--","1859.00","1002939.00","0.00","0.00","0.00","14.82"
"115/08/21","115","2","3206","志豐","2733657.00","482758.00","3216415.00","1369157.00","130563.00","1499720.00","589167.00","--","198383.00","716951.00","49624.00","0.00","1554125.00","--","--","162570.00","1716695.00","0.00","0.00","0.00","26.38"
"115/08/21","115","2","3207","耀勝","1793873.00","4400020.00","6193893.00","2324048.00","242532.00","2566580.00","664222.00","--","865190.00","-60647.00","236855.00","-1280.00","1704340.00","--","--","1922973.00","3627313.00","--","0.00","20000.00","25.67"
"115/08/21","115","2","3211","順達","13068580.00","5795180.00","18863760.00","9117032.00","786805.00","9903837.00","1543870.00","--","2468687.00","5152695.00","-205329.00","--","8959923.00","--","--","0.00","8959923.00","--","0.00","0.00","58.04"
"115/08/21","115","2","3213","茂訊","4616376.00","1020361.00","5636737.00","1536307.00","156966.00","1693273.00","586855.00","--","74381.00","2917224.00","325620.00","--","3904080.00","--","--","39384.00","3943464.00","0.00","0.00","0.00","66.53"
"115/08/21","115","2","3217","優群","4420923.00","2704593.00","7125516.00","2197334.00","78769.00","2276103.00","901042.00","--","851701.00","1825829.00","1270841.00","0.00","4849413.00","--","--","--","4849413.00","0.00","0.00","0.00","53.82"
"115/08/21","115","2","3218","大學光","1899083.00","4500338.00","6399421.00","1393210.00","1102551.00","2495761.00","847249.00","--","381924.00","2534895.00","109710.00","--","3873778.00","--","--","29882.00","3903660.00","--","0.00","0.00","45.72"
"115/08/21","115","2","3219","倚強科","2599691.00","837481.00","3437172.00","1364221.00","210044.00","1574265.00","717809.00","--","230454.00","555897.00","15291.00","--","1519451.00","--","--","343456.00","1862907.00","--","0.00","0.00","21.17"
"115/08/21","115","2","3221","台嘉碩","1879333.00","1300605.00","3179938.00","776032.00","188184.00","964216.00","1050621.00","--","708240.00","674135.00","-273157.00","--","2159839.00","--","--","55883.00","2215722.00","0.00","0.00","0.00","20.56"
"115/08/21","115","2","3224","三顧","2055968.00","1755944.00","3811912.00","641104.00","514687.00","1155791.00","781726.00","--","945740.00","-343560.00","10495.00","-1864.00","1392537.00","--","--","1263584.00","2656121.00","0.00","0.00","40000.00","17.82"
"115/08/21","115","2","3226","龍鋒","1105120.00","1363057.00","2468177.00","577488.00","32913.00","610401.00","644306.00","--","14904.00","1201817.00","-3251.00","--","--","--","--","--","1857776.00","--","0.00","0.00","28.83"
"115/08/21","115","2","3227","原相","12386739.00","7189252.00","19575991.00","3985896.00","427759.00","4413655.00","1519381.00","--","3873058.00","5990738.00","3739341.00","--","15122518.00","--","--","39818.00","15162336.00","--","0.00","0.00","99.53"
"115/08/21","115","2","3228","金麗科","320690.00","471936.00","792626.00","107730.00","4308.00","112038.00","719375.00","--","313519.00","-328135.00","-24171.00","--","--","--","--","--","680588.00","0.00","0.00","0.00","9.46"
"115/08/21","115","2","3230","錦明","816858.00","472448.00","1289306.00","312933.00","84882.00","397815.00","860109.00","0.00","351031.00","-213211.00","-55935.00","-50503.00","891491.00","0.00","--","0.00","891491.00","0.00","0.00","895000.00","10.47"
"115/08/21","115","2","3232","昱捷","870228.00","324004.00","1194232.00","359802.00","143514.00","503316.00","465679.00","--","164541.00","45063.00","15633.00","--","690916.00","--","--","--","690916.00","0.00","0.00","0.00","14.84"
"115/08/21","115","2","3234","光環","690735.00","569134.00","1259869.00","350724.00","197137.00","547861.00","1114747.00","--","306828.00","-717275.00","-8247.00","--","696053.00","--","--","15955.00","712008.00","0.00","0.00","0.00","6.24"
"115/08/21","115","2","3236","千如","1506200.00","1983689.00","3489889.00","1026594.00","673259.00","1699853.00","1050006.00","--","181063.00","367665.00","191302.00","--","1790036.00","--","--","--","1790036.00","--","0.00","0.00","17.05"
"115/08/21","115","2","3252","海灣","563382.00","3410999.00","3974381.00","340619.00","1628340.00","1968959.00","501958.00","--","282210.00","1144288.00","28500.00","--","1956956.00","--","--","48466.00","2005422.00","--","0.00","0.00","38.99"
"115/08/21","115","2","3259","鑫創","375278.00","111636.00","486914.00","96201.00","52365.00","148566.00","729659.00","--","0.00","-391311.00","0.00","--","--","--","--","--","338348.00","--","0.00","0.00","4.64"
"115/08/21","115","2","3260","威剛","81060106.00","29596716.00","110656822.00","44675912.00","24933050.00","69608962.00","3338099.00","--","10897694.00","27208975.00","-741435.00","-1339683.00","39363650.00","--","--","1684210.00","41047860.00","0.00","0.00","9914000.00","121.53"
"115/08/21","115","2","3264","欣銓","9024162.00","32309095.00","41333257.00","10245747.00","11460531.00","21706278.00","4901701.00","--","1244189.00","13284873.00","322988.00","-126772.00","19626979.00","--","--","--","19626979.00","0.00","0.00","16250750.00","41.41"
"115/08/21","115","2","3265","台星科","4426203.00","6344022.00","10770225.00","2170051.00","2283457.00","4453508.00","1362617.00","--","366243.00","4484154.00","103703.00","--","6316717.00","--","--","--","6316717.00","0.00","0.00","0.00","46.36"
"115/08/21","115","2","3268","海德威","596872.00","409517.00","1006389.00","428360.00","96868.00","525228.00","347208.00","--","85857.00","34117.00","13979.00","--","481161.00","--","--","--","481161.00","--","0.00","0.00","13.86"
"115/08/21","115","2","3272","東碩","2345536.00","2319017.00","4664553.00","3449232.00","332406.00","3781638.00","611768.00","--","506826.00","-242646.00","40547.00","-33580.00","882915.00","--","--","--","882915.00","0.00","0.00","1275000.00","14.74"
"115/08/21","115","2","3276","宇環","440613.00","1117009.00","1557622.00","517826.00","112916.00","630742.00","697127.00","--","28787.00","115801.00","26692.00","--","868407.00","--","--","58473.00","926880.00","0.00","0.00","0.00","12.46"
"115/08/21","115","2","3284","太普高","2459154.00","1219594.00","3678748.00","748704.00","1066494.00","1815198.00","1084825.00","--","153802.00","335241.00","-19695.00","0.00","1554173.00","--","--","309377.00","1863550.00","--","0.00","0.00","14.33"
"115/08/21","115","2","3285","微端","1131669.00","209785.00","1341454.00","664162.00","33800.00","697962.00","427353.00","--","26471.00","184027.00","-11937.00","--","625914.00","--","--","17578.00","643492.00","--","0.00","0.00","14.65"
"115/08/21","115","2","3287","廣寰科","1182506.00","137384.00","1319890.00","438216.00","1368.00","439584.00","439705.00","--","16259.00","354459.00","-78.00","--","810345.00","--","--","69961.00","880306.00","--","0.00","0.00","18.43"
"115/08/21","115","2","3288","點晶","161719.00","30544.00","192263.00","59663.00","26718.00","86381.00","163800.00","--","7981.00","-75811.00","11294.00","--","107264.00","--","--","-1382.00","105882.00","--","0.00","0.00","6.55"
"115/08/21","115","2","3289","宜特","3071837.00","5567225.00","8639062.00","2042581.00","1849502.00","3892083.00","867464.00","--","3256801.00","673841.00","-51127.00","0.00","4746979.00","--","--","0.00","4746979.00","--","0.00","0.00","54.72"
"115/08/21","115","2","3290","東浦","3595660.00","2760815.00","6356475.00","1965256.00","1892370.00","3857626.00","902150.00","--","516164.00","1155285.00","-74750.00","--","2498849.00","--","--","--","2498849.00","0.00","0.00","0.00","27.70"
"115/08/21","115","2","3293","鈊象","28101070.00","5514245.00","33615315.00","18412412.00","84011.00","18496423.00","2818016.00","--","317283.00","11834636.00","145413.00","--","15115348.00","--","--","3544.00","15118892.00","--","0.00","0.00","53.64"
"115/08/21","115","2","3294","英濟","3571076.00","1849272.00","5420348.00","1408062.00","1625421.00","3033483.00","1320159.00","--","892517.00","-71592.00","208602.00","--","2349686.00","--","--","37179.00","2386865.00","0.00","0.00","0.00","17.80"
"115/08/21","115","2","3297","杭特","282648.00","467661.00","750309.00","142055.00","2756.00","144811.00","360494.00","--","112612.00","132392.00","--","0.00","605498.00","--","--","0.00","605498.00","0.00","0.00","0.00","16.80"
"115/08/21","115","2","3303","岱稜","2610639.00","1715653.00","4326292.00","1144502.00","791682.00","1936184.00","940906.00","--","413332.00","1034877.00","9767.00","-27093.00","2371789.00","--","--","18319.00","2390108.00","0.00","0.00","554000.00","25.36"
"115/08/21","115","2","3306","鼎天","1004741.00","3488282.00","4493023.00","445820.00","2203.00","448023.00","506077.00","--","481430.00","241404.00","2816089.00","--","--","--","--","--","4045000.00","--","0.00","0.00","79.93"
"115/08/21","115","2","3310","佳穎","5541734.00","1109749.00","6651483.00","4340284.00","502578.00","4842862.00","749485.00","--","125348.00","821648.00","107965.00","--","1804446.00","--","--","4175.00","1808621.00","0.00","0.00","0.00","24.08"
"115/08/21","115","2","3313","斐成","3358168.00","352939.00","3711107.00","1141858.00","382877.00","1524735.00","2211338.00","--","671770.00","-695359.00","-1392.00","--","2186357.00","--","--","15.00","2186372.00","0.00","0.00","0.00","9.89"
"115/08/21","115","2","3317","尼克森","3584664.00","612507.00","4197171.00","732371.00","85297.00","817668.00","900000.00","--","676048.00","1720357.00","-1554.00","--","3294851.00","--","--","84652.00","3379503.00","0.00","0.00","0.00","36.61"
"115/08/21","115","2","3322","建舜電","1745624.00","1817829.00","3563453.00","1633509.00","348855.00","1982364.00","1375822.00","--","258780.00","-134555.00","80948.00","--","1580995.00","--","--","94.00","1581089.00","0.00","0.00","0.00","11.49"
"115/08/21","115","2","3323","加百裕","3933186.00","625191.00","4558377.00","1983318.00","111991.00","2095309.00","995933.00","--","1100908.00","256899.00","37547.00","--","2391287.00","--","--","71781.00","2463068.00","--","0.00","0.00","24.01"
"115/08/21","115","2","3324","雙鴻","24477198.00","9424636.00","33901834.00","13308314.00","6740964.00","20049278.00","930768.00","--","3575541.00","8571189.00","186823.00","0.00","13264321.00","--","--","588235.00","13852556.00","0.00","0.00","0.00","142.51"
"115/08/21","115","2","3325","旭品","1069811.00","678769.00","1748580.00","644977.00","78172.00","723149.00","1101686.00","--","246308.00","-438829.00","65006.00","--","974171.00","--","--","51260.00","1025431.00","--","0.00","0.00","8.84"
"115/08/21","115","2","3332","幸康","1919316.00","698109.00","2617425.00","693569.00","33805.00","727374.00","481042.00","--","180703.00","1199580.00","28726.00","--","1890051.00","--","--","--","1890051.00","0.00","0.00","0.00","39.29"
"115/08/21","115","2","3339","泰谷","886460.00","646404.00","1532864.00","630399.00","164952.00","795351.00","665683.00","--","329504.00","-252244.00","--","-8754.00","734189.00","--","--","3324.00","737513.00","0.00","0.00","281000.00","11.08"
"115/08/21","115","2","3349","寶德","387131.00","154080.00","541211.00","183823.00","50947.00","234770.00","460716.00","--","87667.00","-238944.00","-2998.00","--","306441.00","--","--","--","306441.00","0.00","0.00","0.00","6.65"
"115/08/21","115","2","3354","律勝","352416.00","523302.00","875718.00","32270.00","66295.00","98565.00","701124.00","--","34462.00","62230.00","-20663.00","--","777153.00","--","--","--","777153.00","0.00","0.00","0.00","11.08"
"115/08/21","115","2","3357","臺慶科","7342301.00","9371083.00","16713384.00","3897423.00","1102244.00","4999667.00","1163857.00","--","3303106.00","5094915.00","1901062.00","--","11462940.00","--","--","250777.00","11713717.00","0.00","0.00","0.00","98.49"
"115/08/21","115","2","3360","尚立","4517752.00","482581.00","5000333.00","3955423.00","227919.00","4183342.00","764021.00","--","57917.00","1957.00","3665.00","--","827560.00","--","--","-10569.00","816991.00","--","0.00","0.00","10.83"
"115/08/21","115","2","3362","先進光","4168654.00","6703377.00","10872031.00","2788565.00","4165528.00","6954093.00","1474455.00","--","1930334.00","473990.00","39239.00","--","3918018.00","--","--","-80.00","3917938.00","0.00","0.00","0.00","26.57"
"115/08/21","115","2","3363","上詮","5361359.00","1069628.00","6430987.00","613432.00","100403.00","713835.00","1136406.00","--","4661262.00","141591.00","-222107.00","--","5717152.00","--","--","--","5717152.00","0.00","0.00","0.00","50.31"
"115/08/21","115","2","3372","典範","823426.00","1026651.00","1850077.00","286733.00","79614.00","366347.00","1753240.00","--","132984.00","-402494.00","0.00","--","--","--","--","--","1483730.00","0.00","0.00","0.00","8.46"
"115/08/21","115","2","3373","熱映","645310.00","214210.00","859520.00","72051.00","445.00","72496.00","476188.00","--","88777.00","283955.00","-61896.00","--","787024.00","--","--","--","787024.00","--","0.00","0.00","16.53"
"115/08/21","115","2","3374","精材","8065374.00","10330141.00","18395515.00","4524322.00","4011250.00","8535572.00","2713643.00","--","396424.00","6749876.00","--","--","--","--","--","--","9859943.00","--","0.00","0.00","36.33"
"115/08/21","115","2","3379","彬台","660568.00","517603.00","1178171.00","567551.00","5021.00","572572.00","380417.00","--","70015.00","33831.00","121336.00","--","605599.00","--","--","--","605599.00","0.00","0.00","0.00","15.92"
"115/08/21","115","2","3388","崇越電","6252415.00","1412516.00","7664931.00","1712308.00","835732.00","2548040.00","777529.00","--","1708287.00","2125431.00","344992.00","--","4956239.00","--","--","160652.00","5116891.00","--","0.00","0.00","63.74"
"115/08/21","115","2","3390","旭軟","1308830.00","857407.00","2166237.00","537458.00","195234.00","732692.00","793297.00","--","474872.00","9885.00","155491.00","--","1433545.00","--","--","0.00","1433545.00","--","0.00","0.00","18.07"
"115/08/21","115","2","3402","漢科","5551669.00","1439636.00","6991305.00","4686001.00","190470.00","4876471.00","730476.00","--","54813.00","1297248.00","32297.00","--","2114834.00","--","--","--","2114834.00","--","0.00","0.00","28.95"
"115/08/21","115","2","3430","奇鈦科","1189543.00","660508.00","1850051.00","407635.00","256866.00","664501.00","337161.00","--","161772.00","678092.00","8525.00","--","1185550.00","--","--","--","1185550.00","--","0.00","0.00","35.16"
"115/08/21","115","2","3434","哲固","453001.00","260285.00","713286.00","190935.00","56248.00","247183.00","357547.00","--","70146.00","42458.00","-4048.00","--","466103.00","--","--","--","466103.00","0.00","0.00","0.00","13.04"
"115/08/21","115","2","3438","類比科","1323992.00","2022192.00","3346184.00","295691.00","290119.00","585810.00","471658.00","--","582219.00","565800.00","1140697.00","--","--","--","--","--","2760374.00","0.00","0.00","0.00","58.52"
"115/08/21","115","2","3441","聯一光電","1027110.00","123326.00","1150436.00","248174.00","58278.00","306452.00","400399.00","--","57641.00","345412.00","25600.00","--","829052.00","--","--","14932.00","843984.00","--","0.00","0.00","20.71"
"115/08/21","115","2","3444","利機","1188760.00","476152.00","1664912.00","602450.00","13080.00","615530.00","449969.00","--","261106.00","372752.00","-34445.00","--","1049382.00","--","--","--","1049382.00","--","0.00","0.00","23.32"
"115/08/21","115","2","3455","由田","2317231.00","1834352.00","4151583.00","1294845.00","457150.00","1751995.00","598507.00","--","190969.00","1616541.00","-6429.00","--","2399588.00","--","--","--","2399588.00","--","0.00","0.00","40.09"
"115/08/21","115","2","3465","進泰電子","1572877.00","1076529.00","2649406.00","1555369.00","274029.00","1829398.00","353298.00","--","283304.00","118215.00","27228.00","--","782045.00","--","--","37963.00","820008.00","0.00","0.00","0.00","22.14"
"115/08/21","115","2","3466","德晉","1213602.00","582784.00","1796386.00","267425.00","117269.00","384694.00","778921.00","--","764222.00","-45921.00","-85530.00","--","1411692.00","--","--","--","1411692.00","0.00","0.00","0.00","18.12"
"115/08/21","115","2","3467","台灣精材","529520.00","427100.00","956620.00","229434.00","123364.00","352798.00","311066.00","--","180519.00","112237.00","--","--","--","--","--","--","603822.00","--","0.00","0.00","19.41"
"115/08/21","115","2","3479","安勤","6328452.00","2850313.00","9178765.00","4064038.00","1203645.00","5267683.00","726320.00","0.00","1160657.00","1478659.00","-11458.00","-36264.00","3317914.00","0.00","--","593168.00","3911082.00","--","0.00","440201.00","45.96"
"115/08/21","115","2","3483","力致","6836291.00","2680871.00","9517162.00","4095448.00","548920.00","4644368.00","990493.00","--","2360873.00","1469136.00","144540.00","-92248.00","4872794.00","--","--","--","4872794.00","--","0.00","1000000.00","49.70"
"115/08/21","115","2","3484","崧騰","4008303.00","1321986.00","5330289.00","1565035.00","476585.00","2041620.00","788282.00","--","861329.00","1468037.00","133352.00","--","3251000.00","--","--","37669.00","3288669.00","--","0.00","0.00","41.24"
"115/08/21","115","2","3485","敘豐","2550506.00","367553.00","2918059.00","504667.00","7972.00","512639.00","385009.00","--","1126730.00","904286.00","-10605.00","--","2405420.00","--","--","--","2405420.00","--","0.00","0.00","62.48"
"115/08/21","115","2","3489","森寶","4035493.00","192092.00","4227585.00","3287907.00","3258.00","3291165.00","904522.00","--","14737.00","17161.00","--","--","936420.00","--","--","--","936420.00","0.00","0.00","0.00","10.35"
"115/08/21","115","2","3490","單井","957230.00","1517425.00","2474655.00","513780.00","379358.00","893138.00","550065.00","--","344954.00","690045.00","-3547.00","--","1581517.00","--","--","--","1581517.00","--","0.00","0.00","28.75"
"115/08/21","115","2","3491","昇達科","4023276.00","3220336.00","7243612.00","1528879.00","1173481.00","2702360.00","688051.00","--","2625398.00","963357.00","264407.00","--","4541213.00","--","--","39.00","4541252.00","--","0.00","0.00","66.00"
"115/08/21","115","2","3492","長盛","728976.00","271955.00","1000931.00","312843.00","44904.00","357747.00","355316.00","--","19787.00","270463.00","-2382.00","0.00","643184.00","--","--","--","643184.00","0.00","0.00","0.00","18.10"
"115/08/21","115","2","3498","陽程","4482683.00","868274.00","5350957.00","2657458.00","199955.00","2857413.00","612730.00","--","1354253.00","609539.00","-54674.00","-28951.00","2492897.00","--","--","647.00","2493544.00","--","0.00","862000.00","41.27"
"115/08/21","115","2","3499","環天科","376646.00","295117.00","671763.00","230086.00","13699.00","243785.00","549706.00","--","28440.00","-141082.00","-9086.00","0.00","427978.00","--","--","0.00","427978.00","0.00","0.00","0.00","7.79"
"115/08/21","115","2","3508","位速","942678.00","1822370.00","2765048.00","1797071.00","504064.00","2301135.00","1088667.00","--","2153032.00","-2608763.00","-27187.00","-56294.00","549455.00","--","--","-85542.00","463913.00","--","0.00","1076366.00","5.10"
"115/08/21","115","2","3511","矽瑪","1233391.00","1294932.00","2528323.00","644781.00","119619.00","764400.00","799729.00","--","469963.00","-6747.00","10667.00","--","1273612.00","--","--","490311.00","1763923.00","--","0.00","0.00","15.93"
"115/08/21","115","2","3512","皇龍","6264271.00","64039.00","6328310.00","3815912.00","10082.00","3825994.00","1130724.00","--","992448.00","379144.00","0.00","--","2502316.00","--","--","--","2502316.00","--","0.00","0.00","22.13"
"115/08/21","115","2","3516","亞帝歐","767394.00","2220939.00","2988333.00","506662.00","782177.00","1288839.00","595609.00","--","886282.00","117198.00","-37233.00","--","1561856.00","--","--","137638.00","1699494.00","--","0.00","0.00","26.22"
"115/08/21","115","2","3520","華盈","921030.00","630355.00","1551385.00","449164.00","306808.00","755972.00","688468.00","--","61539.00","47124.00","-1718.00","--","795413.00","--","--","0.00","795413.00","0.00","0.00","0.00","11.55"
"115/08/21","115","2","3521","台鋼建設","1793128.00","510540.00","2303668.00","19648.00","29079.00","48727.00","1857656.00","--","100000.00","287422.00","9863.00","--","2254941.00","--","--","0.00","2254941.00","--","0.00","0.00","12.14"
"115/08/21","115","2","3522","御嵿","681408.00","1686825.00","2368233.00","977156.00","672448.00","1649604.00","1040962.00","--","149185.00","-461735.00","-15394.00","--","713018.00","--","--","5611.00","718629.00","0.00","0.00","0.00","6.85"
"115/08/21","115","2","3523","迎輝","139857.00","1669713.00","1809570.00","525429.00","911097.00","1436526.00","642579.00","--","15776.00","-790952.00","501494.00","--","368897.00","--","--","4147.00","373044.00","0.00","0.00","0.00","5.74"
"115/08/21","115","2","3526","凡甲","6142134.00","1502634.00","7644768.00","2157211.00","1351346.00","3508557.00","668395.00","--","1392789.00","1926164.00","148863.00","--","4136211.00","--","--","0.00","4136211.00","--","988612.00","0.00","61.88"
"115/08/21","115","2","3527","聚積","2286722.00","425004.00","2711726.00","427263.00","40455.00","467718.00","444451.00","--","1298953.00","496075.00","4529.00","--","2244008.00","--","--","--","2244008.00","--","0.00","0.00","50.49"
"115/08/21","115","2","3529","力旺","5229763.00","1018092.00","6247855.00","2682123.00","11856.00","2693979.00","746865.00","--","133213.00","2617329.00","-9514.00","--","3487893.00","--","--","65983.00","3553876.00","--","0.00","0.00","46.70"
"115/08/21","115","2","3531","先益","2000623.00","284420.00","2285043.00","367999.00","31081.00","399080.00","611750.00","--","669790.00","678800.00","-94846.00","--","1865494.00","--","--","20469.00","1885963.00","0.00","0.00","0.00","30.49"
"115/08/21","115","2","3537","堡達","1861667.00","258052.00","2119719.00","793478.00","36606.00","830084.00","562430.00","0.00","105466.00","629540.00","-7801.00","0.00","1289635.00","0.00","--","0.00","1289635.00","0.00","0.00","0.00","22.93"
"115/08/21","115","2","3540","曜越","4812088.00","813769.00","5625857.00","2913788.00","797287.00","3711075.00","886288.00","--","512283.00","520656.00","56313.00","0.00","1975540.00","--","--","-60758.00","1914782.00","--","7700141.00","0.00","24.65"
"115/08/21","115","2","3541","西柏","1615927.00","637608.00","2253535.00","1034231.00","492739.00","1526970.00","563491.00","--","266682.00","-36557.00","-25761.00","-41290.00","726565.00","0.00","--","--","726565.00","0.00","0.00","618000.00","13.04"
"115/08/21","115","2","3546","宇峻","1609030.00","907053.00","2516083.00","591742.00","349474.00","941216.00","613489.00","--","269170.00","672169.00","20039.00","--","1574867.00","--","--","--","1574867.00","--","0.00","0.00","26.95"
"115/08/21","115","2","3548","兆利","7886282.00","4142667.00","12028949.00","4085023.00","1758168.00","5843191.00","677442.00","--","2154364.00","3086849.00","267103.00","--","6185758.00","--","--","--","6185758.00","--","0.00","0.00","91.31"
"115/08/21","115","2","3551","世禾","3344567.00","3186517.00","6531084.00","1034553.00","492651.00","1527204.00","622749.00","--","766031.00","3614951.00","31479.00","-31330.00","5003880.00","--","--","--","5003880.00","0.00","0.00","538000.00","81.05"
"115/08/21","115","2","3552","同致","8012612.00","3788141.00","11800753.00","5555605.00","1841352.00","7396957.00","979183.00","--","938275.00","2648059.00","-161721.00","--","4403796.00","--","--","--","4403796.00","0.00","0.00","0.00","44.97"
"115/08/21","115","2","3555","博士旺","851542.00","132981.00","984523.00","142575.00","4201.00","146776.00","399988.00","--","215159.00","213051.00","-731.00","--","827467.00","--","--","10280.00","837747.00","0.00","0.00","0.00","20.69"
"115/08/21","115","2","3556","禾瑞亞","1605826.00","112170.00","1717996.00","450608.00","18585.00","469193.00","637029.00","--","19842.00","549515.00","302.00","--","1206688.00","--","--","42115.00","1248803.00","--","0.00","0.00","18.94"
"115/08/21","115","2","3558","神準","9276055.00","5210867.00","14486922.00","7293521.00","913915.00","8207436.00","590609.00","--","1886279.00","3577637.00","-75528.00","--","5978997.00","--","--","300489.00","6279486.00","0.00","0.00","0.00","101.23"
"115/08/21","115","2","3564","其陽","2512195.00","998197.00","3510392.00","1621331.00","506461.00","2127792.00","591231.00","--","548973.00","223693.00","18703.00","--","1382600.00","--","--","--","1382600.00","0.00","0.00","0.00","23.39"
"115/08/21","115","2","3567","逸昌","241267.00","388570.00","629837.00","65095.00","8381.00","73476.00","339540.00","--","51287.00","170846.00","-5312.00","--","--","--","--","--","556361.00","--","0.00","0.00","16.39"
"115/08/21","115","2","3570","大塚","1533230.00","251243.00","1784473.00","607017.00","109645.00","716662.00","170970.00","--","68813.00","827387.00","641.00","--","1067811.00","--","--","--","1067811.00","--","0.00","0.00","62.46"
"115/08/21","115","2","3577","泓格","1225021.00","813823.00","2038844.00","544074.00","21152.00","565226.00","639657.00","--","68630.00","759968.00","5363.00","--","1473618.00","--","--","--","1473618.00","0.00","0.00","0.00","23.04"
"115/08/21","115","2","3580","友威科","870775.00","1082277.00","1953052.00","259973.00","657656.00","917629.00","394707.00","--","186218.00","415393.00","40703.00","-1598.00","1035423.00","--","--","--","1035423.00","--","0.00","26000.00","26.25"
"115/08/21","115","2","3581","博磊","2151185.00","318367.00","2469552.00","1368554.00","33692.00","1402246.00","510060.00","--","81293.00","286295.00","27573.00","--","905221.00","--","--","162085.00","1067306.00","0.00","0.00","0.00","17.75"
"115/08/21","115","2","3587","閎康","5718675.00","4069075.00","9787750.00","2271655.00","1574983.00","3846638.00","716847.00","--","3070711.00","1975160.00","178394.00","0.00","5941112.00","--","--","0.00","5941112.00","0.00","0.00","0.00","82.88"
"115/08/21","115","2","3594","磐儀","4284827.00","1258811.00","5543638.00","2526131.00","372035.00","2898166.00","959484.00","--","839692.00","498486.00","-1766.00","-14134.00","2281762.00","--","--","363710.00","2645472.00","--","0.00","568000.00","23.92"
"115/08/21","115","2","3597","映興","736551.00","912621.00","1649172.00","340250.00","716274.00","1056524.00","392364.00","--","86083.00","138269.00","-18418.00","-5650.00","592648.00","--","--","--","592648.00","0.00","0.00","238000.00","15.20"
"115/08/21","115","2","3609","三一東林","731574.00","287117.00","1018691.00","446311.00","125542.00","571853.00","384194.00","--","174233.00","-71976.00","-32987.00","-6626.00","446838.00","--","--","--","446838.00","0.00","0.00","150000.00","11.68"
"115/08/21","115","2","3611","鼎翰","6406872.00","7668763.00","14075635.00","4343394.00","3354311.00","7697705.00","475546.00","--","758340.00","4020481.00","1117783.00","--","6372150.00","--","--","5780.00","6377930.00","--","0.00","0.00","134.00"
"115/08/21","115","2","3615","安可","1175908.00","1938882.00","3114790.00","279386.00","297660.00","577046.00","684670.00","--","1415716.00","267722.00","-35858.00","--","2332250.00","--","--","205494.00","2537744.00","0.00","0.00","0.00","34.06"
"115/08/21","115","2","3623","富晶通","417633.00","48573.00","466206.00","77375.00","12725.00","90100.00","291859.00","--","59627.00","24572.00","48.00","--","--","--","--","--","376106.00","0.00","0.00","0.00","12.89"
"115/08/21","115","2","3624","光頡","3226183.00","1321125.00","4547308.00","919634.00","29944.00","949578.00","1173408.00","--","730121.00","1647359.00","22603.00","--","3573491.00","--","--","24239.00","3597730.00","0.00","0.00","0.00","30.45"
"115/08/21","115","2","3625","西勝","436846.00","1186368.00","1623214.00","644126.00","459973.00","1104099.00","1142468.00","--","34940.00","-582264.00","-38801.00","-37228.00","519115.00","--","--","--","519115.00","--","0.00","4309000.00","4.72"
"115/08/21","115","2","3628","盈正","2827051.00","947585.00","3774636.00","2042358.00","126962.00","2169320.00","450000.00","--","713348.00","449259.00","-9851.00","--","1602756.00","--","--","2560.00","1605316.00","0.00","0.00","0.00","35.62"
"115/08/21","115","2","3629","地心引力","48682.00","6944.00","55626.00","10614.00","1877.00","12491.00","329548.00","--","--","-272380.00","-14033.00","--","43135.00","--","--","--","43135.00","--","0.00","0.00","1.31"
"115/08/21","115","2","3630","新鉅科","2477365.00","1788277.00","4265642.00","851965.00","481531.00","1333496.00","2041919.00","--","2642228.00","-1688462.00","-63539.00","--","2932146.00","--","--","--","2932146.00","0.00","0.00","0.00","14.36"
"115/08/21","115","2","3631","晟楠","799200.00","1698209.00","2497409.00","353727.00","686361.00","1040088.00","818209.00","--","390413.00","-28807.00","16561.00","0.00","1196376.00","--","--","260945.00","1457321.00","--","0.00","0.00","14.62"
"115/08/21","115","2","3632","研勤","94533.00","248705.00","343238.00","102018.00","113837.00","215855.00","408897.00","--","1808.00","-264986.00","-29939.00","--","115780.00","--","--","11603.00","127383.00","--","0.00","0.00","2.83"
"115/08/21","115","2","3646","艾恩特","822822.00","227015.00","1049837.00","524838.00","42552.00","567390.00","392974.00","--","15166.00","46835.00","27472.00","--","482447.00","--","--","--","482447.00","--","0.00","0.00","12.28"
"115/08/21","115","2","3663","鑫科","4417513.00","1001093.00","5418606.00","1221193.00","449633.00","1670826.00","1084940.00","--","752214.00","730604.00","665985.00","--","3233743.00","--","--","514037.00","3747780.00","--","0.00","0.00","29.81"
"115/08/21","115","2","3666","光耀","1632913.00","501828.00","2134741.00","454922.00","1218.00","456140.00","1389499.00","--","823063.00","-342396.00","-88497.00","-103068.00","1678601.00","--","--","--","1678601.00","--","0.00","3396000.00","12.38"
"115/08/21","115","2","3672","康聯訊","302059.00","235537.00","537596.00","206118.00","39253.00","245371.00","407903.00","--","60442.00","-161330.00","-14939.00","0.00","292076.00","--","--","149.00","292225.00","--","0.00","0.00","7.16"
"115/08/21","115","2","3675","德微","2498329.00","2765749.00","5264078.00","1162914.00","774731.00","1937645.00","530579.00","--","1959007.00","446778.00","2206.00","0.00","2938570.00","--","--","387863.00","3326433.00","--","0.00","0.00","55.38"
"115/08/21","115","2","3680","家登","11719453.00","16036360.00","27755813.00","5012348.00","8049307.00","13061655.00","961550.00","--","7737900.00","2866219.00","1423331.00","--","12989000.00","--","--","1705158.00","14694158.00","--","62389.00","0.00","135.08"
"115/08/21","115","2","3684","榮昌","915181.00","545119.00","1460300.00","397004.00","355382.00","752386.00","303047.00","--","116775.00","287679.00","413.00","--","707914.00","--","--","--","707914.00","0.00","0.00","0.00","23.36"
"115/08/21","115","2","3685","元創精密","1392788.00","898851.00","2291639.00","1013711.00","89322.00","1103033.00","795740.00","--","0.00","-34161.00","-28665.00","--","732914.00","--","--","455692.00","1188606.00","--","0.00","0.00","9.21"
"115/08/21","115","2","3687","歐買尬","7253833.00","2205420.00","9459253.00","4726967.00","641901.00","5368868.00","301241.00","--","1086022.00","203024.00","-23786.00","--","1566501.00","--","--","2523884.00","4090385.00","--","0.00","0.00","52.00"
"115/08/21","115","2","3689","湧德","5796331.00","3082990.00","8879321.00","3626303.00","146546.00","3772849.00","895088.00","--","1538941.00","2546179.00","-3874.00","--","4976334.00","--","--","130138.00","5106472.00","--","117824.00","0.00","55.60"
"115/08/21","115","2","3691","碩禾","6126085.00","7181268.00","13307353.00","2490504.00","3652639.00","6143143.00","918834.00","--","4972855.00","464852.00","-302594.00","--","6053947.00","--","--","1110263.00","7164210.00","--","0.00","0.00","65.89"
"115/08/21","115","2","3693","營邦","6906432.00","3131647.00","10038079.00","4208063.00","505054.00","4713117.00","429907.00","--","1945035.00","2846040.00","29972.00","--","5250954.00","--","--","74008.00","5324962.00","0.00","0.00","0.00","122.14"
"115/08/21","115","2","3707","漢磊","8309036.00","6534104.00","14843140.00","2360576.00","1310704.00","3671280.00","4004844.00","--","5053781.00","-224159.00","-113275.00","--","8721191.00","--","--","2450669.00","11171860.00","0.00","0.00","0.00","21.78"
"115/08/21","115","2","3709","鑫聯大投控","39747963.00","493674.00","40241637.00","35590577.00","417625.00","36008202.00","1255695.00","--","880113.00","2024980.00","104698.00","--","4265486.00","--","--","-32051.00","4233435.00","0.00","0.00","0.00","33.97"
"115/08/21","115","2","3710","連展投控","4691082.00","3674492.00","8365574.00","5769224.00","1129916.00","6899140.00","2872507.00","--","32269.00","-1506051.00","-355447.00","--","1043278.00","--","--","423156.00","1466434.00","0.00","0.00","0.00","3.63"
"115/08/21","115","2","3713","新晶投控","465798.00","2353292.00","2819090.00","553702.00","1565018.00","2118720.00","880994.00","--","230259.00","-419724.00","-1182.00","--","690347.00","--","--","10023.00","700370.00","0.00","0.00","0.00","7.84"
"115/08/21","115","2","4102","永日","359200.00","592670.00","951870.00","198371.00","73571.00","271942.00","423735.00","--","29919.00","89829.00","55682.00","--","599165.00","--","--","80763.00","679928.00","0.00","0.00","0.00","14.14"
"115/08/21","115","2","4105","東洋","6430448.00","5395115.00","11825563.00","3016808.00","1060129.00","4076937.00","2486500.00","--","317837.00","4157726.00","-6637.00","--","6955426.00","--","--","793200.00","7748626.00","0.00","0.00","0.00","27.97"
"115/08/21","115","2","4107","邦特","2557794.00","2323239.00","4881033.00","931180.00","421703.00","1352883.00","692983.00","--","317151.00","2493934.00","24082.00","--","3528150.00","--","--","--","3528150.00","--","0.00","0.00","50.91"
"115/08/21","115","2","4109","加捷生醫","592258.00","1286964.00","1879222.00","153046.00","70556.00","223602.00","1187367.00","--","251837.00","282578.00","-96841.00","--","1624941.00","--","--","30679.00","1655620.00","0.00","0.00","0.00","13.69"
"115/08/21","115","2","4111","濟生","976022.00","1059930.00","2035952.00","541650.00","92989.00","634639.00","598321.00","--","48848.00","756901.00","-2757.00","--","--","--","--","--","1401313.00","--","0.00","0.00","23.42"
"115/08/21","115","2","4113","聯上","15403511.00","1195726.00","16599237.00","11623724.00","795099.00","12418823.00","2311382.00","--","1310166.00","558866.00","0.00","--","--","--","--","--","4180414.00","--","0.00","0.00","18.09"
"115/08/21","115","2","4114","健喬","7052811.00","8222303.00","15275114.00","3471347.00","1937231.00","5408578.00","5504297.00","--","2557060.00","899221.00","-93755.00","-217139.00","8649684.00","--","--","1216852.00","9866536.00","--","0.00","9067799.00","17.26"
"115/08/21","115","2","4116","明基醫","3522625.00","1995544.00","5518169.00","2324157.00","920799.00","3244956.00","445660.00","--","298107.00","364108.00","-5336.00","--","1102539.00","--","--","1170674.00","2273213.00","--","0.00","0.00","24.74"
"115/08/21","115","2","4120","友華","4035955.00","7714346.00","11750301.00","3480149.00","1931632.00","5411781.00","867471.00","--","508927.00","3212107.00","640203.00","--","5228708.00","--","--","1109812.00","6338520.00","--","0.00","0.00","60.28"
"115/08/21","115","2","4121","優盛","2091217.00","1912971.00","4004188.00","1074151.00","1019293.00","2093444.00","831110.00","--","309814.00","287866.00","-28943.00","-23251.00","1376596.00","--","--","534148.00","1910744.00","0.00","0.00","2533000.00","17.08"
"115/08/21","115","2","4123","晟德","4425351.00","19540815.00","23966166.00","2396241.00","4414358.00","6810599.00","8060212.00","--","5434280.00","4149948.00","103851.00","-592731.00","17155560.00","--","--","7.00","17155567.00","--","0.00","14692467.00","22.77"
"115/08/21","115","2","4126","太醫","2124422.00","2065637.00","4190059.00","903830.00","429753.00","1333583.00","726000.00","--","344915.00","1785561.00","0.00","--","--","--","--","--","2856476.00","--","0.00","0.00","39.35"
"115/08/21","115","2","4127","天良","315843.00","907507.00","1223350.00","704010.00","90.00","704100.00","457600.00","--","0.00","71612.00","-9962.00","--","519250.00","--","--","--","519250.00","--","0.00","0.00","11.35"
"115/08/21","115","2","4128","中天","3328781.00","9501034.00","12829815.00","548126.00","1592808.00","2140934.00","5881706.00","--","3956890.00","-12121.00","-326756.00","--","9499719.00","--","--","1189162.00","10688881.00","--","0.00","0.00","16.15"
"115/08/21","115","2","4129","聯合","4710851.00","3799923.00","8510774.00","3295196.00","1210554.00","4505750.00","964376.00","--","2281472.00","697417.00","-40146.00","--","3903119.00","--","--","101905.00","4005024.00","--","0.00","0.00","40.47"
"115/08/21","115","2","4131","浩泰","253033.00","327999.00","581032.00","222809.00","51349.00","274158.00","398790.00","--","26164.00","-100334.00","-38493.00","--","286127.00","--","--","20747.00","306874.00","--","89000.00","0.00","7.17"
"115/08/21","115","2","4138","曜亞","1847081.00","1114253.00","2961334.00","851035.00","323117.00","1174152.00","399300.00","--","630771.00","434080.00","115367.00","--","1579518.00","--","--","207664.00","1787182.00","0.00","0.00","0.00","39.56"
"115/08/21","115","2","4147","中裕","3058367.00","1442601.00","4500968.00","197618.00","626867.00","824485.00","2732024.00","--","2475330.00","-1360542.00","-36264.00","-134065.00","3676483.00","--","--","--","3676483.00","--","0.00","2500000.00","13.58"
"115/08/21","115","2","4153","鈺緯","1200554.00","265377.00","1465931.00","497460.00","1242.00","498702.00","586682.00","--","287098.00","100448.00","-6999.00","0.00","967229.00","--","--","--","967229.00","--","0.00","0.00","16.49"
"115/08/21","115","2","4160","訊聯基因","518499.00","199363.00","717862.00","207636.00","16561.00","224197.00","280137.00","--","55292.00","63038.00","94609.00","--","493076.00","--","--","589.00","493665.00","0.00","0.00","0.00","18.47"
"115/08/21","115","2","4161","聿新科","989119.00","633744.00","1622863.00","528340.00","101939.00","630279.00","598081.00","--","287751.00","124910.00","-22358.00","--","988384.00","--","--","4200.00","992584.00","0.00","0.00","0.00","16.53"
"115/08/21","115","2","4162","智擎","5365928.00","56137.00","5422065.00","478893.00","33359.00","512252.00","1456776.00","--","1615939.00","1970508.00","0.00","-133410.00","--","--","--","--","4909813.00","0.00","0.00","2000000.00","34.17"
"115/08/21","115","2","4163","鐿鈦","2194995.00","2566187.00","4761182.00","1157009.00","842526.00","1999535.00","506771.00","--","503069.00","1743968.00","-50126.00","--","2703682.00","--","--","57965.00","2761647.00","2500.00","0.00","0.00","53.35"
"115/08/21","115","2","4166","友霖","1277643.00","1734286.00","3011929.00","172799.00","181101.00","353900.00","2430351.00","--","128042.00","96153.00","3483.00","--","2658029.00","--","--","--","2658029.00","--","0.00","0.00","10.94"
"115/08/21","115","2","4167","松瑞藥","3647274.00","1516567.00","5163841.00","585223.00","183741.00","768964.00","3315543.00","--","132746.00","944779.00","989.00","0.00","4394057.00","--","--","820.00","4394877.00","--","0.00","0.00","14.15"
"115/08/21","115","2","4168","醣聯","600713.00","790617.00","1391330.00","57488.00","483107.00","540595.00","1125213.00","--","0.00","-262865.00","-11613.00","--","850735.00","--","--","--","850735.00","0.00","0.00","0.00","7.56"
"115/08/21","115","2","4171","瑞基","479207.00","378912.00","858119.00","198907.00","77733.00","276640.00","580575.00","--","150536.00","-126577.00","-6099.00","-25733.00","572702.00","--","--","8777.00","581479.00","0.00","0.00","1200000.00","10.07"
"115/08/21","115","2","4173","久裕","4475339.00","702794.00","5178133.00","3151360.00","136077.00","3287437.00","745744.00","--","656515.00","220482.00","267955.00","--","1890696.00","--","--","--","1890696.00","0.00","0.00","0.00","25.35"
"115/08/21","115","2","4174","浩鼎","841455.00","1848486.00","2689941.00","227177.00","268382.00","495559.00","1315797.00","--","9437141.00","-9254107.00","-11352.00","0.00","1487479.00","--","--","706903.00","2194382.00","0.00","0.00","0.00","11.30"
"115/08/21","115","2","4175","杏一","2312808.00","4994314.00","7307122.00","2853000.00","2924313.00","5777313.00","423233.00","--","764958.00","326743.00","9954.00","--","1524888.00","--","--","4921.00","1529809.00","--","0.00","0.00","36.03"
"115/08/21","115","2","4183","福永生技","326824.00","176366.00","503190.00","142139.00","93701.00","235840.00","238000.00","--","31600.00","-2250.00","--","--","--","--","--","--","267350.00","--","0.00","0.00","11.23"
"115/08/21","115","2","4188","安克","377687.00","239689.00","617376.00","20428.00","8906.00","29334.00","633329.00","--","142417.00","-281711.00","21511.00","--","515546.00","--","--","72496.00","588042.00","--","0.00","0.00","8.14"
"115/08/21","115","2","4192","杏國","192605.00","47171.00","239776.00","16668.00","3931.00","20599.00","351645.00","--","0.00","-96129.00","-36339.00","--","219177.00","--","--","--","219177.00","--","0.00","0.00","6.23"
"115/08/21","115","2","4198","欣大健康","250609.00","103379.00","353988.00","88073.00","13548.00","101621.00","241080.00","--","40725.00","-90965.00","13158.00","--","203998.00","--","--","48369.00","252367.00","0.00","0.00","0.00","8.46"
"115/08/21","115","2","4205","中華食","1779685.00","1086386.00","2866071.00","608873.00","90193.00","699066.00","976492.00","--","51989.00","1138524.00","0.00","--","--","--","--","--","2167005.00","0.00","0.00","0.00","22.19"
"115/08/21","115","2","4207","環泰","3257436.00","3347796.00","6605232.00","1286174.00","1248814.00","2534988.00","1985380.00","--","79957.00","967496.00","-142909.00","--","2889924.00","--","--","1180320.00","4070244.00","--","0.00","0.00","14.56"
"115/08/21","115","2","4303","信立","783529.00","4110514.00","4894043.00","887273.00","145588.00","1032861.00","1324474.00","--","191457.00","1856851.00","4121.00","--","3376903.00","--","--","484279.00","3861182.00","0.00","0.00","0.00","35.69"
"115/08/21","115","2","4304","勝昱","303787.00","353583.00","657370.00","312365.00","33590.00","345955.00","610380.00","--","--","-461581.00","162616.00","--","311415.00","--","--","--","311415.00","--","0.00","0.00","5.10"
"115/08/21","115","2","4305","世坤","1271809.00","298014.00","1569823.00","358954.00","4026.00","362980.00","550140.00","--","75.00","656628.00","--","--","--","--","--","--","1206843.00","0.00","0.00","0.00","21.94"
"115/08/21","115","2","4401","東隆興","2592094.00","3167842.00","5759936.00","2193880.00","808737.00","3002617.00","1226920.00","--","167271.00","1357510.00","-45959.00","--","2705742.00","--","--","51577.00","2757319.00","--","0.00","0.00","22.05"
"115/08/21","115","2","4402","郡都開發","191876.00","427677.00","619553.00","6612.00","39181.00","45793.00","679918.00","--","6.00","-262653.00","157424.00","--","574695.00","-935.00","--","0.00","573760.00","--","0.00","0.00","8.44"
"115/08/21","115","2","4406","新昕纖","420518.00","419168.00","839686.00","195401.00","36897.00","232298.00","519120.00","--","40320.00","-36476.00","84424.00","0.00","--","--","--","--","607388.00","0.00","0.00","0.00","11.70"
"115/08/21","115","2","4413","飛寶企業","358954.00","138388.00","497342.00","69613.00","85778.00","155391.00","313147.00","--","0.00","29602.00","-798.00","--","341951.00","--","--","--","341951.00","--","0.00","0.00","10.92"
"115/08/21","115","2","4416","三圓","11522420.00","1934824.00","13457244.00","6954330.00","4558882.00","11513212.00","735861.00","--","809866.00","477171.00","-526.00","-78340.00","1944032.00","--","--","--","1944032.00","--","0.00","671687.00","26.66"
"115/08/21","115","2","4417","金洲","3182290.00","2148613.00","5330903.00","1235330.00","519007.00","1754337.00","839713.00","--","39479.00","2490575.00","-204598.00","--","3165169.00","--","--","411397.00","3576566.00","--","0.00","0.00","37.69"
"115/08/21","115","2","4419","皇家美食","535467.00","2378547.00","2914014.00","1209686.00","726680.00","1936366.00","1691631.00","--","330980.00","-1112381.00","-471.00","--","909759.00","--","--","67889.00","977648.00","--","0.00","0.00","5.38"
"115/08/21","115","2","4420","光明","347435.00","1265271.00","1612706.00","155912.00","36097.00","192009.00","404550.00","--","203158.00","820717.00","-7728.00","0.00","--","--","0.00","--","1420697.00","0.00","0.00","0.00","35.12"
"115/08/21","115","2","4430","耀億","1554170.00","2017278.00","3571448.00","1322329.00","496259.00","1818588.00","562736.00","--","734559.00","550684.00","-95119.00","--","1752860.00","--","--","--","1752860.00","0.00","0.00","0.00","31.15"
"115/08/21","115","2","4432","銘旺實","1589401.00","256442.00","1845843.00","253711.00","15060.00","268771.00","505890.00","--","371339.00","781038.00","-81195.00","--","1577072.00","--","--","--","1577072.00","0.00","0.00","0.00","31.17"
"115/08/21","115","2","4433","興采","1939474.00","4539185.00","6478659.00","2461582.00","2101760.00","4563342.00","612998.00","--","931617.00","296248.00","-11193.00","-25914.00","1803756.00","--","--","111561.00","1915317.00","0.00","0.00","860000.00","29.84"
"115/08/21","115","2","4502","健信","1086015.00","1285763.00","2371778.00","1151572.00","687788.00","1839360.00","574697.00","--","275558.00","-234948.00","-48647.00","-34203.00","532457.00","--","--","-39.00","532418.00","0.00","0.00","2003000.00","9.60"
"115/08/21","115","2","4503","金雨","2042477.00","472398.00","2514875.00","158282.00","489667.00","647949.00","783133.00","--","974628.00","97975.00","6450.00","--","1862186.00","--","--","4740.00","1866926.00","--","0.00","0.00","23.78"
"115/08/21","115","2","4506","崇友","8950341.00","2813497.00","11763838.00","6005237.00","58454.00","6063691.00","1770120.00","--","63404.00","3929839.00","-63072.00","0.00","5700291.00","--","--","-144.00","5700147.00","0.00","0.00","0.00","32.20"
"115/08/21","115","2","4510","高鋒","2637488.00","2935299.00","5572787.00","2319094.00","1103293.00","3422387.00","1089777.00","--","374264.00","354858.00","60775.00","--","1879674.00","--","--","270726.00","2150400.00","0.00","0.00","0.00","17.25"
"115/08/21","115","2","4513","福裕","3444225.00","810281.00","4254506.00","949699.00","1746233.00","2695932.00","1437619.00","--","296107.00","-173254.00","-1898.00","--","1558574.00","--","--","--","1558574.00","--","0.00","0.00","10.84"
"115/08/21","115","2","4523","永彰","1841320.00","1294480.00","3135800.00","1108489.00","140637.00","1249126.00","649490.00","--","336658.00","969732.00","-132820.00","--","1823060.00","--","--","63614.00","1886674.00","0.00","0.00","0.00","28.07"
"115/08/21","115","2","4527","方方土霖","2331148.00","771607.00","3102755.00","1101077.00","189257.00","1290334.00","761524.00","--","128616.00","883860.00","-63285.00","--","1710715.00","--","--","101706.00","1812421.00","0.00","0.00","0.00","22.46"
"115/08/21","115","2","4528","江興鍛","1490180.00","2103417.00","3593597.00","847292.00","476939.00","1324231.00","841657.00","--","16775.00","1401513.00","9421.00","0.00","2269366.00","--","--","0.00","2269366.00","0.00","0.00","0.00","26.96"
"115/08/21","115","2","4529","淳紳","105002.00","386699.00","491701.00","91939.00","187218.00","279157.00","845491.00","--","14509.00","-547527.00","-100820.00","--","211653.00","--","--","891.00","212544.00","--","0.00","0.00","2.50"
"115/08/21","115","2","4530","天意能創","715305.00","477477.00","1192782.00","463410.00","121040.00","584450.00","357950.00","--","119350.00","-11308.00","-20643.00","--","445349.00","--","--","162983.00","608332.00","--","0.00","0.00","12.44"
"115/08/21","115","2","4533","協易機","4588113.00","1711632.00","6299745.00","2864007.00","865091.00","3729098.00","1584341.00","--","184982.00","864110.00","-62786.00","--","2570647.00","--","--","--","2570647.00","--","0.00","0.00","16.23"
"115/08/21","115","2","4534","慶騰","997862.00","482658.00","1480520.00","645492.00","120310.00","765802.00","867889.00","--","59249.00","-188743.00","-23677.00","--","714718.00","--","--","0.00","714718.00","--","0.00","0.00","8.24"
"115/08/21","115","2","4535","至興","2200104.00","996733.00","3196837.00","421869.00","23072.00","444941.00","756617.00","--","150801.00","1653757.00","-89138.00","0.00","2472037.00","--","--","279859.00","2751896.00","--","0.00","0.00","32.67"
"115/08/21","115","2","4538","大詠城","469225.00","469259.00","938484.00","100817.00","11046.00","111863.00","594696.00","--","69991.00","161934.00","--","--","--","--","--","--","826621.00","0.00","0.00","0.00","13.90"
"115/08/21","115","2","4541","晟田","2097292.00","1965980.00","4063272.00","1038041.00","1277324.00","2315365.00","676471.00","--","832312.00","239124.00","--","--","--","--","--","--","1747907.00","0.00","0.00","0.00","25.84"
"115/08/21","115","2","4542","科嶠","1465869.00","612627.00","2078496.00","997449.00","113204.00","1110653.00","352542.00","--","426083.00","133772.00","48454.00","--","960851.00","--","--","6992.00","967843.00","0.00","0.00","0.00","27.25"
"115/08/21","115","2","4543","萬在","1286066.00","1390082.00","2676148.00","532365.00","278781.00","811146.00","627609.00","--","309560.00","929410.00","-1577.00","--","1865002.00","--","--","--","1865002.00","0.00","0.00","0.00","31.20"
"115/08/21","115","2","4549","桓達","1901483.00","933179.00","2834662.00","399504.00","546216.00","945720.00","581425.00","--","445121.00","887626.00","-25314.00","--","1888858.00","--","--","84.00","1888942.00","--","0.00","0.00","33.14"
"115/08/21","115","2","4550","長佳","827696.00","761601.00","1589297.00","474926.00","177027.00","651953.00","378387.00","--","116849.00","456302.00","-14194.00","--","937344.00","--","--","--","937344.00","--","0.00","0.00","24.77"
"115/08/21","115","2","4554","橙的","716241.00","164513.00","880754.00","324072.00","40460.00","364532.00","302766.00","--","170884.00","49091.00","-6519.00","--","516222.00","--","--","--","516222.00","--","0.00","0.00","19.61"
"115/08/21","115","2","4556","旭然","854542.00","881184.00","1735726.00","713289.00","192877.00","906166.00","423028.00","--","289202.00","138881.00","-21551.00","--","829560.00","--","--","--","829560.00","0.00","0.00","0.00","19.61"
"115/08/21","115","2","4558","寶緯","1680995.00","1473826.00","3154821.00","1174425.00","1079850.00","2254275.00","500000.00","--","234187.00","166359.00","--","--","--","--","--","--","900546.00","--","0.00","0.00","18.01"
"115/08/21","115","2","4561","健椿","1071376.00","1274891.00","2346267.00","459962.00","471851.00","931813.00","585216.00","--","210536.00","618702.00","--","--","--","--","--","--","1414454.00","--","0.00","0.00","24.17"
"115/08/21","115","2","4563","百德","3128346.00","1261238.00","4389584.00","2215646.00","707422.00","2923068.00","549500.00","--","842246.00","-108186.00","105403.00","--","1388963.00","--","--","77553.00","1466516.00","--","0.00","0.00","25.28"
"115/08/21","115","2","4568","科際精密","1154645.00","562377.00","1717022.00","464759.00","188284.00","653043.00","320451.00","--","507702.00","279299.00","-38118.00","-5355.00","1063979.00","--","--","--","1063979.00","--","0.00","112000.00","33.32"
"115/08/21","115","2","4577","達航科技","855414.00","1051198.00","1906612.00","425419.00","528673.00","954092.00","491380.00","--","188014.00","372518.00","-99392.00","--","952520.00","--","--","--","952520.00","--","0.00","0.00","19.38"
"115/08/21","115","2","4580","捷流閥業","2615167.00","1424454.00","4039621.00","950701.00","341401.00","1292102.00","468031.00","--","1055798.00","1182660.00","41030.00","--","2747519.00","--","--","--","2747519.00","--","0.00","0.00","58.70"
"115/08/21","115","2","4584","君帆","1003558.00","1029494.00","2033052.00","684161.00","297452.00","981613.00","300024.00","--","280684.00","463995.00","6736.00","--","1051439.00","--","--","--","1051439.00","0.00","0.00","0.00","35.05"
"115/08/21","115","2","4609","唐鋒","374293.00","244523.00","618816.00","208337.00","279607.00","487944.00","479468.00","--","3333.00","-307825.00","-44104.00","--","130872.00","--","--","--","130872.00","--","0.00","0.00","2.73"
"115/08/21","115","2","4702","中美實","736894.00","897463.00","1634357.00","307524.00","4621.00","312145.00","723332.00","--","0.00","558860.00","40020.00","--","1322212.00","--","--","--","1322212.00","0.00","0.00","0.00","18.28"
"115/08/21","115","2","4706","大恭","1522822.00","216678.00","1739500.00","184397.00","6825.00","191222.00","790301.00","--","1170.00","765404.00","-9465.00","--","1547410.00","--","--","868.00","1548278.00","--","0.00","0.00","19.58"
"115/08/21","115","2","4707","磐亞","1040764.00","9847826.00","10888590.00","2320462.00","300419.00","2620881.00","4138082.00","--","883020.00","1790703.00","1455904.00","--","--","--","--","--","8267709.00","--","0.00","0.00","20.48"
"115/08/21","115","2","4711","永純","856191.00","406319.00","1262510.00","175679.00","55724.00","231403.00","610560.00","--","53311.00","367236.00","--","--","1031107.00","--","--","--","1031107.00","--","0.00","0.00","16.89"
"115/08/21","115","2","4714","永捷","6063255.00","5748622.00","11811877.00","2904779.00","914816.00","3819595.00","1780882.00","--","406544.00","93394.00","-155614.00","0.00","2125206.00","--","--","5867076.00","7992282.00","0.00","0.00","0.00","11.93"
"115/08/21","115","2","4716","大立","1036539.00","697319.00","1733858.00","482737.00","111513.00","594250.00","944272.00","--","87220.00","112826.00","-4503.00","--","1139815.00","--","--","-207.00","1139608.00","--","0.00","0.00","12.07"
"115/08/21","115","2","4721","美琪瑪","2221229.00","648489.00","2869718.00","1415733.00","7100.00","1422833.00","749863.00","--","24825.00","765922.00","-93725.00","--","1446885.00","--","--","--","1446885.00","--","0.00","0.00","19.30"
"115/08/21","115","2","4726","永昕","870260.00","2408944.00","3279204.00","1432208.00","438924.00","1871132.00","2070418.00","--","77759.00","-740210.00","105.00","--","1408072.00","--","--","--","1408072.00","0.00","0.00","0.00","6.80"
"115/08/21","115","2","4728","雙美","1031090.00","970278.00","2001368.00","404364.00","166070.00","570434.00","544630.00","--","3651.00","872101.00","10552.00","--","1430934.00","--","--","--","1430934.00","--","0.00","0.00","26.27"
"115/08/21","115","2","4729","熒茂","1503638.00","1661854.00","3165492.00","1175392.00","611916.00","1787308.00","792268.00","--","149335.00","130998.00","103770.00","--","1176371.00","--","--","201813.00","1378184.00","--","0.00","0.00","14.85"
"115/08/21","115","2","4735","豪展","1052019.00","752054.00","1804073.00","664002.00","9526.00","673528.00","415688.00","--","292609.00","574670.00","-29285.00","-123137.00","1130545.00","--","--","0.00","1130545.00","0.00","0.00","3063000.00","29.36"
"115/08/21","115","2","4741","泓瀚","601275.00","553057.00","1154332.00","217296.00","2083.00","219379.00","348121.00","--","353350.00","228650.00","-1639.00","--","928482.00","--","--","6471.00","934953.00","--","0.00","0.00","26.67"
"115/08/21","115","2","4743","合一","5776841.00","5489441.00","11266282.00","154822.00","717849.00","872671.00","4805335.00","--","5497822.00","160299.00","-189103.00","-25777.00","10248576.00","--","--","145035.00","10393611.00","--","0.00","1033000.00","21.37"
"115/08/21","115","2","4744","皇將","1312175.00","959768.00","2271943.00","661703.00","398216.00","1059919.00","569485.00","--","462077.00","236595.00","-25552.00","-30581.00","1212024.00","--","--","0.00","1212024.00","--","0.00","1477000.00","21.85"
"115/08/21","115","2","4747","強生製藥","602886.00","1955817.00","2558703.00","820262.00","0.00","820262.00","454610.00","--","1074364.00","219382.00","-9915.00","--","1738441.00","--","--","--","1738441.00","--","0.00","0.00","38.24"
"115/08/21","115","2","4749","新應材","7970565.00","6598177.00","14568742.00","1790763.00","2420835.00","4211598.00","999245.00","--","7583592.00","1582104.00","183718.00","--","10348659.00","--","--","8485.00","10357144.00","--","86856.00","0.00","111.49"
"115/08/21","115","2","4754","國碳科","655388.00","403264.00","1058652.00","381479.00","141861.00","523340.00","302832.00","--","43287.00","193059.00","-3866.00","--","535312.00","--","--","--","535312.00","0.00","0.00","0.00","17.68"
"115/08/21","115","2","4760","勤凱科技","2081982.00","782111.00","2864093.00","1060760.00","455124.00","1515884.00","327783.00","--","238116.00","544512.00","237798.00","--","--","--","--","--","1348209.00","--","0.00","0.00","41.94"
"115/08/21","115","2","4767","誠泰科技","988705.00","384161.00","1372866.00","185851.00","212345.00","398196.00","314150.00","--","80349.00","593394.00","-12490.00","--","975403.00","--","--","-733.00","974670.00","--","0.00","0.00","31.05"
"115/08/21","115","2","4768","晶呈科技","1691153.00","2747396.00","4438549.00","1590745.00","1147089.00","2737834.00","482002.00","--","905787.00","24394.00","9119.00","--","1421302.00","--","--","279413.00","1700715.00","0.00","0.00","0.00","29.93"
"115/08/21","115","2","4772","台特化","3276618.00","5245650.00","8522268.00","1226018.00","2684144.00","3910162.00","1476816.00","--","1284588.00","920685.00","19304.00","--","3701393.00","--","--","910713.00","4612106.00","0.00","0.00","0.00","25.06"
"115/08/21","115","2","4806","桂田文創","494464.00","364135.00","858599.00","121021.00","100320.00","221341.00","999471.00","--","9253.00","-309732.00","-61734.00","--","637258.00","--","--","0.00","637258.00","0.00","0.00","0.00","6.38"
"115/08/21","115","2","4903","聯光通","1240534.00","679229.00","1919763.00","666854.00","84797.00","751651.00","1053437.00","--","2823.00","116362.00","-4510.00","--","1168112.00","--","--","--","1168112.00","0.00","0.00","0.00","11.09"
"115/08/21","115","2","4905","台聯電","2038480.00","2886610.00","4925090.00","1203986.00","381881.00","1585867.00","292600.00","--","10696.00","2879259.00","-64524.00","-14.00","3118017.00","--","--","221206.00","3339223.00","--","0.00","595.00","106.56"
"115/08/21","115","2","4907","富宇","8139890.00","195890.00","8335780.00","5193347.00","74245.00","5267592.00","1181458.00","--","70025.00","1790842.00","25863.00","--","--","--","--","--","3068188.00","--","0.00","0.00","25.97"
"115/08/21","115","2","4908","前鼎","1651484.00","460710.00","2112194.00","345771.00","1959.00","347730.00","782169.00","--","94151.00","881004.00","7140.00","--","--","--","--","--","1764464.00","0.00","0.00","0.00","22.56"
"115/08/21","115","2","4909","新復興","2333429.00","346820.00","2680249.00","111823.00","31842.00","143665.00","933568.00","--","514835.00","1090616.00","-2435.00","--","2536584.00","--","--","--","2536584.00","--","0.00","0.00","27.17"
"115/08/21","115","2","4911","德英","472263.00","505087.00","977350.00","100718.00","91.00","100809.00","688172.00","--","134235.00","54134.00","--","--","--","--","--","--","876541.00","0.00","0.00","0.00","13.76"
"115/08/21","115","2","4923","力士","819728.00","66240.00","885968.00","191034.00","161436.00","352470.00","369404.00","--","402964.00","-183365.00","-27.00","-55478.00","533498.00","--","--","--","533498.00","0.00","3049560.00","1150000.00","14.91"
"115/08/21","115","2","4931","新盛力","3357219.00","395791.00","3753010.00","1468867.00","673350.00","2142217.00","655658.00","--","329017.00","673081.00","-46963.00","--","1610793.00","--","--","--","1610793.00","0.00","0.00","0.00","24.57"
"115/08/21","115","2","4933","友輝","3735925.00","1444587.00","5180512.00","1072997.00","239283.00","1312280.00","826627.00","--","1047078.00","1871453.00","123074.00","--","3868232.00","--","--","--","3868232.00","--","51000.00","0.00","46.80"
"115/08/21","115","2","4939","亞電","1860148.00","1169133.00","3029281.00","1274024.00","238005.00","1512029.00","982009.00","--","192899.00","278115.00","64229.00","--","1517252.00","--","--","--","1517252.00","0.00","0.00","0.00","15.45"
"115/08/21","115","2","4946","辣椒","245717.00","53732.00","299449.00","123267.00","3316.00","126583.00","88528.00","--","76364.00","7763.00","0.00","--","172655.00","--","--","211.00","172866.00","--","0.00","0.00","19.50"
"115/08/21","115","2","4950","金耘國際","901145.00","427010.00","1328155.00","533316.00","35502.00","568818.00","577291.00","--","3015.00","16511.00","-42379.00","--","554438.00","--","--","204899.00","759337.00","--","0.00","0.00","9.60"
"115/08/21","115","2","4951","精拓科","620316.00","489312.00","1109628.00","157208.00","14974.00","172182.00","341487.00","--","123645.00","481320.00","-9006.00","--","937446.00","--","--","0.00","937446.00","0.00","0.00","0.00","27.45"
"115/08/21","115","2","4953","緯致","5836542.00","932776.00","6769318.00","2523301.00","151428.00","2674729.00","733264.00","--","1354535.00","2126069.00","109546.00","-228825.00","4094589.00","--","--","--","4094589.00","0.00","0.00","2000000.00","57.55"
"115/08/21","115","2","4966","譜瑞-KY","17023784.00","8915678.00","25939462.00","3561230.00","228176.00","3789406.00","789578.00","--","3262510.00","18046386.00","1406896.00","-1355314.00","22150056.00","--","--","--","22150056.00","0.00","0.00","2077192.00","288.11"
"115/08/21","115","2","4972","湯石照明","1083726.00","747046.00","1830772.00","364027.00","30629.00","394656.00","568886.00","--","824452.00","54274.00","-488.00","-11008.00","1436116.00","--","--","--","1436116.00","0.00","0.00","500000.00","25.47"
"115/08/21","115","2","4973","廣穎電通","5306994.00","1532234.00","6839228.00","3322302.00","51043.00","3373345.00","652928.00","--","350766.00","1624416.00","837773.00","--","3465883.00","--","--","--","3465883.00","0.00","0.00","0.00","53.08"
"115/08/21","115","2","4974","亞泰","4633642.00","164234.00","4797876.00","1424576.00","90446.00","1515022.00","725001.00","--","707351.00","1795589.00","54913.00","--","3282854.00","--","--","--","3282854.00","--","0.00","0.00","45.28"
"115/08/21","115","2","4979","華星光","4907399.00","1360043.00","6267442.00","1388825.00","426477.00","1815302.00","1428020.00","--","1495392.00","1473747.00","54981.00","--","4452140.00","--","--","--","4452140.00","--","442743.00","0.00","31.18"
"115/08/21","115","2","4995","晶達","782184.00","985066.00","1767250.00","469084.00","350790.00","819874.00","425920.00","--","195374.00","322968.00","3114.00","--","947376.00","--","--","--","947376.00","--","0.00","0.00","22.24"
"115/08/21","115","2","5009","榮剛","13062312.00","20850337.00","33912649.00","9898718.00","6210258.00","16108976.00","6024712.00","--","6909030.00","5744135.00","-55532.00","-1265207.00","17357138.00","--","--","446535.00","17803673.00","--","0.00","44091044.00","31.08"
"115/08/21","115","2","5011","久陽","1976132.00","3595550.00","5571682.00","2185867.00","775406.00","2961273.00","1006739.00","--","990501.00","56991.00","-114359.00","--","1939872.00","--","--","670537.00","2610409.00","0.00","0.00","0.00","19.27"
"115/08/21","115","2","5013","強新","5463334.00","3570476.00","9033810.00","2195923.00","1500951.00","3696874.00","1334160.00","--","20054.00","2585243.00","836.00","--","3940293.00","--","--","1396643.00","5336936.00","--","0.00","0.00","29.53"
"115/08/21","115","2","5014","建錩","5106846.00","4008675.00","9115521.00","5122691.00","1335958.00","6458649.00","1832651.00","--","363596.00","508630.00","-57092.00","0.00","2647785.00","--","--","9087.00","2656872.00","0.00","0.00","0.00","14.45"
"115/08/21","115","2","5015","華祺","1953355.00","605029.00","2558384.00","1325135.00","28892.00","1354027.00","606392.00","--","75760.00","554071.00","-31866.00","--","1204357.00","--","--","--","1204357.00","--","0.00","0.00","19.86"
"115/08/21","115","2","5016","松和","1666968.00","993299.00","2660267.00","574169.00","576882.00","1151051.00","496221.00","--","8000.00","1005593.00","-11873.00","--","1497941.00","--","--","11275.00","1509216.00","0.00","0.00","0.00","30.19"
"115/08/21","115","2","5201","凱衛","534107.00","421209.00","955316.00","188205.00","127222.00","315427.00","386746.00","--","204025.00","84427.00","-38324.00","--","636874.00","--","--","3015.00","639889.00","0.00","0.00","0.00","16.47"
"115/08/21","115","2","5202","力新","470076.00","660631.00","1130707.00","64888.00","14175.00","79063.00","890940.00","--","73001.00","95344.00","-7644.00","--","1051641.00","--","--","3.00","1051644.00","0.00","0.00","0.00","11.80"
"115/08/21","115","2","5205","中茂","61188.00","46604.00","107792.00","26500.00","5832.00","32332.00","135000.00","--","12433.00","-13024.00","-59965.00","--","74444.00","--","--","1016.00","75460.00","--","0.00","0.00","5.51"
"115/08/21","115","2","5206","坤悅","17490206.00","96465.00","17586671.00","13473793.00","17549.00","13491342.00","1800934.00","--","91297.00","2203098.00","0.00","0.00","4095329.00","--","--","--","4095329.00","0.00","0.00","0.00","23.88"
"115/08/21","115","2","5209","新鼎","4457461.00","433319.00","4890780.00","3682550.00","172306.00","3854856.00","285672.00","--","237132.00","515868.00","-2751.00","--","1035921.00","--","--","3.00","1035924.00","0.00","15879.00","0.00","36.26"
"115/08/21","115","2","5210","寶碩","535036.00","473994.00","1009030.00","110355.00","53282.00","163637.00","821778.00","--","180003.00","-132428.00","-23960.00","0.00","845393.00","--","--","0.00","845393.00","--","0.00","0.00","10.29"
"115/08/21","115","2","5211","蒙恬","230710.00","161076.00","391786.00","26777.00","13789.00","40566.00","320247.00","--","112766.00","-93507.00","1237.00","--","340743.00","--","--","10477.00","351220.00","--","0.00","0.00","10.64"
"115/08/21","115","2","5212","凌網","1005805.00","198625.00","1204430.00","237718.00","396200.00","633918.00","346330.00","--","42564.00","166348.00","1847.00","--","557089.00","--","--","13423.00","570512.00","--","0.00","0.00","16.09"
"115/08/21","115","2","5213","亞昕","64457261.00","5571681.00","70028942.00","42676310.00","11493344.00","54169654.00","7213343.00","--","4959904.00","2230985.00","40978.00","-31810.00","14413400.00","--","--","1445888.00","15859288.00","0.00","0.00","1420000.00","20.02"
"115/08/21","115","2","5220","萬達光電","628319.00","616044.00","1244363.00","319229.00","179990.00","499219.00","396670.00","--","45834.00","308659.00","112.00","-6131.00","745144.00","--","--","--","745144.00","0.00","0.00","303000.00","18.93"
"115/08/21","115","2","5223","安力-KY","1551989.00","2150016.00","3702005.00","920692.00","409803.00","1330495.00","445498.00","--","561556.00","991753.00","372703.00","--","2371510.00","--","--","--","2371510.00","0.00","0.00","0.00","53.23"
"115/08/21","115","2","5227","立凱-KY","496464.00","382108.00","878572.00","205016.00","41492.00","246508.00","974150.00","--","429000.00","-798068.00","26982.00","--","632064.00","--","--","--","632064.00","0.00","11100000.00","0.00","7.99"
"115/08/21","115","2","5228","鈺鎧","361042.00","887203.00","1248245.00","220916.00","447452.00","668368.00","380563.00","--","71655.00","124500.00","3159.00","--","--","--","--","--","579877.00","0.00","0.00","0.00","15.24"
"115/08/21","115","2","5230","雷笛克光學","1173615.00","1164669.00","2338284.00","643166.00","394608.00","1037774.00","559768.00","--","630418.00","194170.00","-69008.00","-22864.00","1292484.00","--","--","8026.00","1300510.00","--","0.00","1231000.00","23.61"
"115/08/21","115","2","5245","智晶","647955.00","984607.00","1632562.00","875201.00","150697.00","1025898.00","451271.00","--","302593.00","-62509.00","--","-84691.00","606664.00","--","--","0.00","606664.00","--","0.00","1830000.00","14.01"
"115/08/21","115","2","5251","天鉞電","426400.00","83692.00","510092.00","67243.00","11440.00","78683.00","337334.00","--","65003.00","34694.00","-5622.00","0.00","431409.00","--","--","--","431409.00","--","0.00","0.00","12.79"
"115/08/21","115","2","5263","智崴","3282555.00","3207193.00","6489748.00","1803578.00","851944.00","2655522.00","739369.00","--","3277323.00","85994.00","40662.00","-309122.00","3834226.00","--","--","--","3834226.00","--","0.00","3000000.00","54.05"
"115/08/21","115","2","5272","笙科","285586.00","703105.00","988691.00","93489.00","72626.00","166115.00","552761.00","--","243630.00","-58797.00","84982.00","--","--","--","--","--","822576.00","--","0.00","0.00","14.88"
"115/08/21","115","2","5274","信驊","12524335.00","1802461.00","14326796.00","6200544.00","309143.00","6509687.00","415830.00","--","1489737.00","5946298.00","-60387.00","--","7791478.00","--","--","25631.00","7817109.00","--","0.00","0.00","206.11"
"115/08/21","115","2","5278","尚凡*","7904488.00","356097.00","8260585.00","2771154.00","300718.00","3071872.00","300000.00","--","3114130.00","267665.00","143778.00","-160669.00","3664904.00","--","--","1523809.00","5188713.00","0.00","0.00","6767002.00","12.50"
"115/08/21","115","2","5287","數字","2046118.00","2571046.00","4617164.00","1317746.00","504131.00","1821877.00","657386.00","--","431880.00","1924220.00","-234812.00","--","2778674.00","--","--","16613.00","2795287.00","--","0.00","0.00","46.07"
"115/08/21","115","2","5289","宜鼎","42054184.00","4043123.00","46097307.00","18023760.00","4560610.00","22584370.00","982824.00","--","2245738.00","20264304.00","-204768.00","--","23288098.00","--","--","224839.00","23512937.00","3800.00","0.00","0.00","241.67"
"115/08/21","115","2","5291","邑昇","1351803.00","924275.00","2276078.00","900524.00","378833.00","1279357.00","398906.00","--","183159.00","424815.00","-20207.00","0.00","986673.00","--","--","10048.00","996721.00","--","0.00","0.00","24.73"
"115/08/21","115","2","5299","杰力","2169334.00","1969618.00","4138952.00","814931.00","2035.00","816966.00","508890.00","--","1670211.00","1139010.00","3875.00","--","3321986.00","--","--","--","3321986.00","--","0.00","0.00","65.28"
"115/08/21","115","2","5301","寶得利","632633.00","107360.00","739993.00","185252.00","32469.00","217721.00","658903.00","--","197.00","-146791.00","-3908.00","--","508401.00","--","--","13871.00","522272.00","--","0.00","0.00","7.72"
"115/08/21","115","2","5302","太欣","24026.00","1712315.00","1736341.00","218553.00","275038.00","493591.00","1598883.00","--","1062.00","-348427.00","-10908.00","--","1240610.00","--","--","2140.00","1242750.00","--","0.00","0.00","7.76"
"115/08/21","115","2","5309","系統電","5052081.00","3398650.00","8450731.00","1130204.00","1656100.00","2786304.00","2309675.00","--","2879833.00","204753.00","-66522.00","-31289.00","5296450.00","--","--","367977.00","5664427.00","0.00","601400.00","895000.00","23.02"
"115/08/21","115","2","5310","天剛","334148.00","27677.00","361825.00","23531.00","3681.00","27212.00","289435.00","--","0.00","45178.00","0.00","--","334613.00","--","--","--","334613.00","--","0.00","0.00","11.56"
"115/08/21","115","2","5312","寶島科","6117851.00","3854910.00","9972761.00","3692204.00","1994115.00","5686319.00","600599.00","--","475109.00","2534309.00","676425.00","0.00","4286442.00","--","--","0.00","4286442.00","0.00","0.00","0.00","71.37"
"115/08/21","115","2","5314","世紀*","3251388.00","4716552.00","7967940.00","3322244.00","627462.00","3949706.00","602980.00","--","16706.00","1359814.00","8691.00","-197260.00","1790931.00","--","--","2227303.00","4018234.00","0.00","0.00","2503000.00","6.19"
"115/08/21","115","2","5315","光聯","2033168.00","257511.00","2290679.00","531732.00","28702.00","560434.00","1063518.00","--","51410.00","735910.00","-120593.00","--","1730245.00","--","--","--","1730245.00","--","0.00","0.00","16.27"
"115/08/21","115","2","5321","美而快","1395306.00","3469457.00","4864763.00","1898512.00","2123254.00","4021766.00","595431.00","--","237150.00","-35734.00","54.00","--","796901.00","--","--","46096.00","842997.00","--","6363347.00","0.00","13.38"
"115/08/21","115","2","5324","士開","9635431.00","1463752.00","11099183.00","6967083.00","2541209.00","9508292.00","2263791.00","--","17484.00","-595585.00","-213065.00","--","1472625.00","--","--","118266.00","1590891.00","--","0.00","0.00","6.51"
"115/08/21","115","2","5328","華容","1852527.00","1067108.00","2919635.00","616445.00","27444.00","643889.00","1727107.00","--","9688.00","213621.00","320655.00","--","2271071.00","--","--","4675.00","2275746.00","0.00","0.00","0.00","13.15"
"115/08/21","115","2","5340","建榮","1656811.00","1475590.00","3132401.00","753284.00","6478.00","759762.00","1948940.00","--","--","423699.00","--","--","--","--","--","--","2372639.00","0.00","0.00","0.00","12.17"
"115/08/21","115","2","5344","立衛","284355.00","348739.00","633094.00","81565.00","46154.00","127719.00","794474.00","--","--","-234099.00","-55000.00","--","--","--","--","--","505375.00","--","0.00","0.00","6.36"
"115/08/21","115","2","5345","馥鴻","161281.00","53472.00","214753.00","1889.00","0.00","1889.00","377950.00","--","21561.00","-186647.00","--","--","212864.00","--","--","--","212864.00","--","0.00","0.00","5.63"
"115/08/21","115","2","5347","世界","67501485.00","151685349.00","219186834.00","50151915.00","76123688.00","126275603.00","18783396.00","--","21444374.00","24053146.00","-1305279.00","--","62975637.00","--","--","29935594.00","92911231.00","--","0.00","0.00","33.53"
"115/08/21","115","2","5348","正能量智能","187330.00","46288.00","233618.00","76497.00","23816.00","100313.00","147759.00","--","1104.00","-39653.00","-591.00","0.00","108619.00","0.00","--","24686.00","133305.00","--","0.00","0.00","7.35"
"115/08/21","115","2","5351","鈺創","8639037.00","3645303.00","12284340.00","3553336.00","1432970.00","4986306.00","3291941.00","--","857340.00","1696287.00","1363189.00","--","7208757.00","--","--","89277.00","7298034.00","0.00","172000.00","0.00","21.94"
"115/08/21","115","2","5353","台林","1416766.00","871778.00","2288544.00","732186.00","94498.00","826684.00","757650.00","--","199230.00","376614.00","128366.00","--","1461860.00","--","--","--","1461860.00","--","0.00","0.00","19.29"
"115/08/21","115","2","5355","佳總","614965.00","442318.00","1057283.00","235326.00","99634.00","334960.00","1661228.00","--","474.00","-916400.00","-22979.00","--","722323.00","--","--","0.00","722323.00","--","0.00","0.00","4.35"
"115/08/21","115","2","5356","協益","3398424.00","2689855.00","6088279.00","1306857.00","393736.00","1700593.00","1030400.00","--","367284.00","3155538.00","-165536.00","--","4387686.00","--","--","--","4387686.00","--","0.00","0.00","42.58"
"115/08/21","115","2","5364","力麗店","488367.00","622737.00","1111104.00","357428.00","42405.00","399833.00","638499.00","--","196654.00","-70673.00","-72696.00","--","691784.00","--","--","19487.00","711271.00","--","0.00","0.00","10.83"
"115/08/21","115","2","5371","中光電","33350647.00","28898391.00","62249038.00","26468413.00","1219320.00","27687733.00","3909811.00","--","1939694.00","17103575.00","9700220.00","0.00","32653300.00","--","--","1908005.00","34561305.00","0.00","0.00","0.00","83.52"
"115/08/21","115","2","5381","光譜","1602995.00","3524047.00","5127042.00","1488784.00","1263558.00","2752342.00","2076906.00","--","83632.00","79310.00","65798.00","--","2305646.00","--","--","69054.00","2374700.00","--","0.00","0.00","11.10"
"115/08/21","115","2","5386","青雲","9119907.00","43661.00","9163568.00","5963422.00","1557.00","5964979.00","541213.00","--","78871.00","2584494.00","-5989.00","--","--","--","--","--","3198589.00","--","0.00","0.00","88.65"
"115/08/21","115","2","5392","能率","7794230.00","7801626.00","15595856.00","4828408.00","2614534.00","7442942.00","1800934.00","--","2659577.00","1431876.00","-92411.00","-5714.00","5794262.00","--","--","2358652.00","8152914.00","--","0.00","1028147.00","33.01"
"115/08/21","115","2","5398","慕康生醫","289681.00","281056.00","570737.00","47426.00","4638.00","52064.00","494655.00","--","65853.00","12099.00","-53934.00","--","518673.00","--","--","--","518673.00","--","0.00","0.00","10.49"
"115/08/21","115","2","5403","中菲","3162590.00","1453571.00","4616161.00","1845474.00","239616.00","2085090.00","781207.00","--","368403.00","1461445.00","-15721.00","-64263.00","--","--","--","--","2531071.00","--","0.00","688000.00","32.69"
"115/08/21","115","2","5410","國眾","9266909.00","1017443.00","10284352.00","8597363.00","83420.00","8680783.00","931386.00","--","61705.00","589504.00","20769.00","--","1603364.00","--","--","205.00","1603569.00","--","854000.00","0.00","17.21"
"115/08/21","115","2","5425","台半","12746453.00","9317039.00","22063492.00","7011541.00","4147817.00","11159358.00","2634854.00","--","2322386.00","3580351.00","-166954.00","-732278.00","7638359.00","--","--","3265775.00","10904134.00","0.00","0.00","18768750.00","31.21"
"115/08/21","115","2","5426","振發","1627684.00","1547462.00","3175146.00","631295.00","240409.00","871704.00","1438000.00","--","77934.00","818232.00","-35478.00","0.00","2298688.00","--","--","4754.00","2303442.00","0.00","0.00","0.00","15.99"
"115/08/21","115","2","5432","新門","510797.00","122797.00","633594.00","112152.00","2864.00","115016.00","206878.00","--","--","339232.00","-27532.00","--","--","--","--","--","518578.00","0.00","0.00","0.00","25.07"
"115/08/21","115","2","5438","東友","974615.00","2718498.00","3693113.00","404855.00","47136.00","451991.00","1125365.00","--","--","1254261.00","861496.00","--","3241122.00","--","--","--","3241122.00","0.00","0.00","0.00","28.80"
"115/08/21","115","2","5439","高技","8992883.00","3488689.00","12481572.00","5303855.00","3142745.00","8446600.00","929767.00","--","936882.00","2168282.00","41.00","--","4034972.00","--","--","--","4034972.00","--","10.00","0.00","43.40"
"115/08/21","115","2","5443","均豪","5384333.00","25314708.00","30699041.00","5968352.00","2174231.00","8142583.00","1647466.00","--","270598.00","631778.00","18168861.00","-462609.00","20256094.00","--","--","2300364.00","22556458.00","0.00","0.00","3668000.00","125.75"
"115/08/21","115","2","5450","南良","1884447.00","1686107.00","3570554.00","603274.00","1168848.00","1772122.00","1224032.00","--","100784.00","276625.00","196991.00","--","1798432.00","--","--","--","1798432.00","--","0.00","0.00","14.69"
"115/08/21","115","2","5452","佶優","3820447.00","832070.00","4652517.00","1733562.00","480882.00","2214444.00","1487637.00","--","161630.00","501588.00","54575.00","-31487.00","2173943.00","0.00","--","264130.00","2438073.00","0.00","0.00","1000000.00","14.71"
"115/08/21","115","2","5455","昇益","5324433.00","95328.00","5419761.00","4055956.00","840.00","4056796.00","655018.00","--","3737.00","679119.00","25091.00","--","--","--","--","--","1362965.00","--","0.00","0.00","20.81"
"115/08/21","115","2","5457","宣德","22288842.00","11870547.00","34159389.00","19873455.00","2238737.00","22112192.00","1964288.00","--","1136646.00","2148486.00","265709.00","--","5515129.00","--","--","6532068.00","12047197.00","--","0.00","0.00","28.08"
"115/08/21","115","2","5460","同協","586094.00","237069.00","823163.00","51405.00","27332.00","78737.00","587781.00","--","13799.00","158534.00","-15688.00","--","744426.00","--","--","--","744426.00","--","0.00","0.00","12.67"
"115/08/21","115","2","5464","霖宏","1987800.00","2163262.00","4151062.00","1702542.00","1127721.00","2830263.00","710715.00","--","271618.00","338466.00","--","--","1320799.00","--","--","--","1320799.00","--","0.00","0.00","18.58"
"115/08/21","115","2","5465","富驊","4122402.00","781463.00","4903865.00","1760600.00","27044.00","1787644.00","1476826.00","--","315269.00","607104.00","76748.00","--","2475947.00","--","--","640274.00","3116221.00","--","0.00","0.00","16.77"
"115/08/21","115","2","5468","凱鈺","607729.00","85008.00","692737.00","103218.00","25910.00","129128.00","589229.00","--","154881.00","-148501.00","-32000.00","--","563609.00","--","--","--","563609.00","--","0.00","0.00","9.57"
"115/08/21","115","2","5474","聰泰","1386841.00","1201702.00","2588543.00","573528.00","55797.00","629325.00","397569.00","--","793.00","1560856.00","--","0.00","--","--","--","--","1959218.00","0.00","0.00","0.00","49.28"
"115/08/21","115","2","5475","德宏","1600296.00","1373339.00","2973635.00","833815.00","1059113.00","1892928.00","1271270.00","--","--","-768612.00","586462.00","--","1089120.00","--","--","-8413.00","1080707.00","--","0.00","0.00","8.57"
"115/08/21","115","2","5478","智冠","15962939.00","4126201.00","20089140.00","9792070.00","299923.00","10091993.00","1560743.00","--","4079221.00","3492095.00","154336.00","-567008.00","8719387.00","--","--","1277760.00","9997147.00","--","0.00","6246414.00","58.20"
"115/08/21","115","2","5481","新華","471143.00","1031696.00","1502839.00","19901.00","310786.00","330687.00","714029.00","--","80172.00","444040.00","-176.00","-65913.00","1172152.00","--","--","--","1172152.00","--","0.00","5000000.00","17.65"
"115/08/21","115","2","5483","中美晶","105676641.00","164819801.00","270496442.00","80498161.00","67269571.00","147767732.00","6412217.00","--","32298803.00","23643332.00","-6841260.00","-4382100.00","51130992.00","--","--","71597718.00","122728710.00","0.00","0.00","27050000.00","83.25"
"115/08/21","115","2","5487","通泰","474203.00","98832.00","573035.00","29878.00","21256.00","51134.00","242225.00","--","40846.00","233767.00","5063.00","--","521901.00","--","--","--","521901.00","0.00","0.00","0.00","21.55"
"115/08/21","115","2","5488","松普","1292529.00","153312.00","1445841.00","387540.00","43657.00","431197.00","915861.00","--","0.00","54486.00","44297.00","0.00","1014644.00","--","--","0.00","1014644.00","0.00","0.00","0.00","11.08"
"115/08/21","115","2","5489","彩富","2002762.00","927628.00","2930390.00","571552.00","123210.00","694762.00","1027064.00","--","111875.00","1263296.00","35.00","-171768.00","2230502.00","--","--","5126.00","2235628.00","--","0.00","4235000.00","22.65"
"115/08/21","115","2","5490","同亨","1766894.00","226057.00","1992951.00","579491.00","64465.00","643956.00","961522.00","--","82291.00","372753.00","15247.00","-82818.00","1348995.00","--","--","--","1348995.00","--","0.00","3000000.00","14.48"
"115/08/21","115","2","5493","三聯","4303571.00","2351547.00","6655118.00","3203647.00","387499.00","3591146.00","436892.00","--","44199.00","1062381.00","275324.00","--","1818796.00","--","--","1245176.00","3063972.00","0.00","0.00","0.00","41.63"
"115/08/21","115","2","5498","凱崴","2654416.00","1688888.00","4343304.00","1540624.00","592237.00","2132861.00","1935485.00","--","68024.00","237542.00","-49294.00","--","2191757.00","--","--","18686.00","2210443.00","--","0.00","0.00","11.32"
"115/08/21","115","2","5508","永信建","19158888.00","101990.00","19260878.00","10752778.00","3046128.00","13798906.00","2174281.00","--","216152.00","3071539.00","0.00","--","5461972.00","--","--","--","5461972.00","--","0.00","0.00","25.12"
"115/08/21","115","2","5511","德昌","13870937.00","2756329.00","16627266.00","8284734.00","996607.00","9281341.00","1360000.00","--","143538.00","5667338.00","60819.00","--","7231695.00","--","--","114230.00","7345925.00","--","0.00","0.00","63.75"
"115/08/21","115","2","5512","力麒","29074322.00","16980874.00","46055196.00","17528298.00","9958295.00","27486593.00","7663125.00","--","658275.00","5361463.00","-119179.00","-98195.00","13465489.00","--","--","5103114.00","18568603.00","0.00","0.00","6493959.00","17.72"
"115/08/21","115","2","5514","三豐","5888413.00","1478262.00","7366675.00","3936189.00","6006.00","3942195.00","2361183.00","--","1346.00","503308.00","582052.00","-23395.00","3424494.00","--","--","-14.00","3424480.00","--","0.00","9477708.00","15.11"
"115/08/21","115","2","5516","雙喜","2745950.00","431655.00","3177605.00","2634753.00","77673.00","2712426.00","515452.00","--","0.00","-50285.00","12.00","0.00","--","--","--","--","465179.00","0.00","0.00","0.00","9.02"
"115/08/21","115","2","5520","力泰","3382909.00","1365637.00","4748546.00","1193682.00","98793.00","1292475.00","599752.00","--","37005.00","2175827.00","474018.00","0.00","3286602.00","--","--","169469.00","3456071.00","0.00","0.00","0.00","54.80"
"115/08/21","115","2","5523","豐謙","5417005.00","422978.00","5839983.00","2972968.00","25573.00","2998541.00","1550015.00","--","5526.00","1282299.00","3602.00","--","2841442.00","--","--","0.00","2841442.00","0.00","0.00","0.00","18.33"
"115/08/21","115","2","5529","鉅陞","4925920.00","208265.00","5134185.00","3494090.00","34753.00","3528843.00","1057693.00","--","419715.00","127934.00","--","--","1605342.00","--","--","--","1605342.00","0.00","0.00","0.00","15.18"
"115/08/21","115","2","5530","龍巖","54632228.00","28697765.00","83329993.00","51927276.00","114338.00","52041614.00","4200842.00","--","2931540.00","19100493.00","5021492.00","--","31254367.00","--","--","34012.00","31288379.00","--","0.00","0.00","74.40"
"115/08/21","115","2","5536","聖暉*","44778013.00","8190340.00","52968353.00","27818022.00","1589706.00","29407728.00","620405.00","--","3838086.00","8311960.00","3841738.00","--","16612189.00","--","--","6948436.00","23560625.00","0.00","0.00","0.00","133.88"
"115/08/21","115","2","5547","久舜","1792723.00","268673.00","2061396.00","1210805.00","22564.00","1233369.00","510000.00","--","143729.00","174298.00","--","--","828027.00","--","--","--","828027.00","0.00","0.00","0.00","16.24"
"115/08/21","115","2","5548","安倉","1934628.00","448887.00","2383515.00","1170787.00","77652.00","1248439.00","637350.00","--","330405.00","171300.00","-3889.00","-90.00","--","--","--","--","1135076.00","0.00","0.00","9000.00","19.40"
"115/08/21","115","2","5601","台聯櫃","126960.00","1758162.00","1885122.00","43329.00","465031.00","508360.00","648000.00","--","3030.00","730002.00","-4270.00","--","--","--","--","--","1376762.00","0.00","0.00","0.00","21.25"
"115/08/21","115","2","5603","陸海","722321.00","2021759.00","2744080.00","586923.00","209474.00","796397.00","1048766.00","--","148032.00","731254.00","-58706.00","--","1869346.00","--","--","78337.00","1947683.00","0.00","0.00","0.00","17.82"
"115/08/21","115","2","5604","中連","94835.00","2391928.00","2486763.00","30508.00","502707.00","533215.00","1087830.00","--","11030.00","854688.00","0.00","--","1953548.00","--","--","0.00","1953548.00","0.00","0.00","0.00","17.96"
"115/08/21","115","2","5609","中菲行","9463382.00","1685581.00","11148963.00","4362304.00","373528.00","4735832.00","1428840.00","--","62243.00","4428728.00","558595.00","-181852.00","6296554.00","0.00","--","116577.00","6413131.00","0.00","0.00","2140000.00","44.74"
"115/08/21","115","2","5701","劍湖山","72244.00","2258956.00","2331200.00","1243524.00","646283.00","1889807.00","1430000.00","--","783.00","-963996.00","-25394.00","--","441393.00","--","--","--","441393.00","--","0.00","0.00","3.09"
"115/08/21","115","2","5703","亞都麗緻","385804.00","611107.00","996911.00","284718.00","159673.00","444391.00","702396.00","--","--","-122298.00","-27578.00","--","552520.00","--","--","--","552520.00","--","0.00","0.00","7.87"
"115/08/21","115","2","5704","老爺知","357943.00","753416.00","1111359.00","127828.00","3411.00","131239.00","588617.00","--","241906.00","149597.00","--","--","--","--","--","--","980120.00","0.00","0.00","0.00","16.65"
"115/08/21","115","2","5878","台名","357822.00","379324.00","737146.00","156874.00","61272.00","218146.00","250243.00","--","76710.00","187919.00","4128.00","--","519000.00","--","--","--","519000.00","--","0.00","0.00","20.74"
"115/08/21","115","2","5902","德記","1279983.00","565755.00","1845738.00","578213.00","31670.00","609883.00","945000.00","--","0.00","310458.00","-19603.00","--","1235855.00","--","--","--","1235855.00","--","0.00","0.00","13.08"
"115/08/21","115","2","5903","全家","20296307.00","61338730.00","81635037.00","42400525.00","29305070.00","71705595.00","2232200.00","--","356249.00","6252189.00","-67466.00","--","8773172.00","--","--","1156270.00","9929442.00","0.00","0.00","0.00","39.30"
"115/08/21","115","2","5904","寶雅*","13730407.00","20701654.00","34432061.00","12259955.00","14920487.00","27180442.00","1064438.00","--","1475884.00","4711297.00","--","--","--","--","--","--","7251619.00","0.00","0.00","0.00","68.13"
"115/08/21","115","2","5905","南仁湖","1226952.00","5763307.00","6990259.00","1561279.00","2217661.00","3778940.00","2816232.00","--","415276.00","-423354.00","2315.00","--","2810469.00","--","--","400850.00","3211319.00","0.00","0.00","0.00","9.98"
"115/08/21","115","2","6028","公勝保經","1362034.00","491047.00","1853081.00","790015.00","148247.00","938262.00","250000.00","--","270096.00","394723.00","--","--","914819.00","--","--","--","914819.00","0.00","0.00","0.00","36.59"
"115/08/21","115","2","6101","寬魚國際","1499162.00","495228.00","1994390.00","309799.00","319307.00","629106.00","1161736.00","--","74677.00","123529.00","5342.00","0.00","1365284.00","--","--","--","1365284.00","--","1555207.00","0.00","11.75"
"115/08/21","115","2","6103","合邦","153381.00","767.00","154148.00","3796.00","544.00","4340.00","136049.00","--","0.00","12994.00","765.00","--","149808.00","--","--","--","149808.00","--","0.00","0.00","11.01"
"115/08/21","115","2","6104","創惟","2022846.00","1319024.00","3341870.00","1172477.00","7168.00","1179645.00","911286.00","--","367300.00","921960.00","-41994.00","0.00","2158552.00","--","--","3673.00","2162225.00","--","0.00","0.00","23.69"
"115/08/21","115","2","6109","亞元","825880.00","270320.00","1096200.00","301587.00","42088.00","343675.00","878254.00","--","14015.00","-123636.00","-15878.00","0.00","752755.00","--","--","-230.00","752525.00","0.00","0.00","0.00","8.57"
"115/08/21","115","2","6111","光聚晶電","12380263.00","18876779.00","31257042.00","13276209.00","7646031.00","20922240.00","1085111.00","--","976080.00","210134.00","-170721.00","-276785.00","1823819.00","--","--","8510983.00","10334802.00","--","0.00","20298498.00","20.68"
"115/08/21","115","2","6113","亞矽","604204.00","305130.00","909334.00","322268.00","53360.00","375628.00","525495.00","--","69491.00","29369.00","-38451.00","-52198.00","533706.00","--","--","0.00","533706.00","0.00","0.00","2000000.00","10.56"
"115/08/21","115","2","6114","久威","1810260.00","468242.00","2278502.00","590073.00","80323.00","670396.00","439119.00","--","172560.00","999103.00","-2676.00","--","1608106.00","--","--","--","1608106.00","0.00","0.00","0.00","36.62"
"115/08/21","115","2","6118","建達","3528305.00","204459.00","3732764.00","2597954.00","6005.00","2603959.00","908896.00","--","67418.00","153959.00","-1468.00","--","1128805.00","--","--","--","1128805.00","--","0.00","0.00","12.42"
"115/08/21","115","2","6121","新普","69610223.00","14252851.00","83863074.00","31289099.00","4852139.00","36141238.00","1849705.00","--","5692496.00","31828555.00","332432.00","--","39703188.00","--","--","8018648.00","47721836.00","--","0.00","0.00","214.65"
"115/08/21","115","2","6122","擎邦","4249210.00","572136.00","4821346.00","2905062.00","168911.00","3073973.00","780916.00","--","10354.00","892295.00","143672.00","-79864.00","1747373.00","--","--","--","1747373.00","0.00","0.00","1558000.00","22.83"
"115/08/21","115","2","6123","上奇","3419551.00","800700.00","4220251.00","1986155.00","13163.00","1999318.00","620894.00","--","541082.00","470746.00","35374.00","-86401.00","1581695.00","--","--","639238.00","2220933.00","--","0.00","1596000.00","26.15"
"115/08/21","115","2","6124","業強","2154897.00","2511960.00","4666857.00","1380460.00","70432.00","1450892.00","1824799.00","--","836172.00","568687.00","-85858.00","--","3143800.00","--","--","72165.00","3215965.00","--","0.00","0.00","17.23"
"115/08/21","115","2","6125","廣運","5590990.00","6851003.00","12441993.00","2793629.00","2970153.00","5763782.00","2590112.00","0.00","1423094.00","815270.00","-167480.00","0.00","4660996.00","0.00","--","2017215.00","6678211.00","--","0.00","0.00","18.00"
"115/08/21","115","2","6126","信音","7451269.00","4250661.00","11701930.00","3474352.00","1590524.00","5064876.00","1300507.00","--","1810807.00","469584.00","107716.00","-29030.00","3659584.00","--","--","2977470.00","6637054.00","0.00","0.00","1230000.00","28.47"
"115/08/21","115","2","6127","九豪","1346111.00","2235377.00","3581488.00","1218040.00","1221527.00","2439567.00","1080798.00","--","56549.00","-110782.00","115356.00","--","1141921.00","--","--","--","1141921.00","--","0.00","0.00","10.57"
"115/08/21","115","2","6129","普誠","1218556.00","973474.00","2192030.00","480475.00","46078.00","526553.00","1809437.00","--","75210.00","-241235.00","2818.00","--","1646230.00","--","--","19247.00","1665477.00","--","0.00","0.00","9.10"
"115/08/21","115","2","6130","上亞科技","178444.00","557442.00","735886.00","36266.00","110914.00","147180.00","463000.00","--","224013.00","-77767.00","-20540.00","--","588706.00","--","--","0.00","588706.00","--","0.00","0.00","12.72"
"115/08/21","115","2","6134","萬旭","2023603.00","710717.00","2734320.00","1367876.00","71190.00","1439066.00","818821.00","--","131997.00","62410.00","209780.00","--","1223008.00","--","--","72246.00","1295254.00","0.00","0.00","0.00","14.94"
"115/08/21","115","2","6138","茂達","6173914.00","1377516.00","7551430.00","2588895.00","188886.00","2777781.00","756355.00","--","993292.00","2208120.00","-148291.00","-54326.00","3755150.00","--","--","1018499.00","4773649.00","0.00","0.00","1265088.00","50.49"
"115/08/21","115","2","6140","訊達電腦","1223661.00","538597.00","1762258.00","1128165.00","92926.00","1221091.00","548978.00","--","422.00","-3493.00","-4740.00","--","541167.00","--","--","--","541167.00","--","0.00","0.00","9.86"
"115/08/21","115","2","6143","振曜","6746645.00","1545270.00","8291915.00","3435754.00","159054.00","3594808.00","860589.00","--","441036.00","1553989.00","-25730.00","0.00","2829884.00","--","--","1867223.00","4697107.00","--","0.00","0.00","32.88"
"115/08/21","115","2","6144","得利影","253652.00","113780.00","367432.00","42175.00","11071.00","53246.00","382737.00","--","1890.00","-74090.00","3649.00","--","--","--","--","--","314186.00","0.00","0.00","0.00","8.21"
"115/08/21","115","2","6146","耕興","6651768.00","2324063.00","8975831.00","2854100.00","242348.00","3096448.00","1018672.00","--","895271.00","3197357.00","229992.00","--","5341292.00","--","--","538091.00","5879383.00","--","0.00","0.00","52.43"
"115/08/21","115","2","6147","頎邦","16458322.00","50853208.00","67311530.00","6277229.00","2527500.00","8804729.00","7445935.00","--","4531079.00","36246380.00","10283407.00","--","58506801.00","--","--","--","58506801.00","0.00","0.00","0.00","78.58"
"115/08/21","115","2","6148","驊宏資","804669.00","385699.00","1190368.00","450804.00","183124.00","633928.00","466038.00","--","11229.00","79173.00","0.00","0.00","556440.00","--","--","0.00","556440.00","0.00","0.00","0.00","11.94"
"115/08/21","115","2","6150","撼訊","2759012.00","1083057.00","3842069.00","2060138.00","70374.00","2130512.00","483460.00","--","847266.00","384541.00","-10649.00","--","1704618.00","--","--","6939.00","1711557.00","--","0.00","0.00","35.26"
"115/08/21","115","2","6151","晉倫","1121670.00","557940.00","1679610.00","573116.00","77392.00","650508.00","552573.00","--","78055.00","391153.00","7321.00","0.00","1029102.00","--","--","0.00","1029102.00","0.00","0.00","0.00","18.62"
"115/08/21","115","2","6154","順發","1356471.00","678124.00","2034595.00","605095.00","146918.00","752013.00","800800.00","--","3420.00","473403.00","4959.00","--","1282582.00","--","--","--","1282582.00","--","0.00","0.00","16.02"
"115/08/21","115","2","6156","松上","5416816.00","2048531.00","7465347.00","3577009.00","539384.00","4116393.00","1078750.00","--","423655.00","862641.00","-59129.00","0.00","2305917.00","0.00","--","1043037.00","3348954.00","0.00","0.00","0.00","21.38"
"115/08/21","115","2","6158","禾昌","1411312.00","940366.00","2351678.00","1107223.00","122311.00","1229534.00","556982.00","--","89997.00","570311.00","-76093.00","-19053.00","1122144.00","--","--","--","1122144.00","--","0.00","800000.00","20.44"
"115/08/21","115","2","6160","欣技","862208.00","271747.00","1133955.00","457258.00","86723.00","543981.00","684891.00","--","1151.00","-100058.00","3198.00","--","589182.00","--","--","792.00","589974.00","--","0.00","0.00","8.60"
"115/08/21","115","2","6161","捷波","1265362.00","672911.00","1938273.00","548106.00","48356.00","596462.00","562375.00","--","127452.00","640493.00","11491.00","0.00","1341811.00","--","--","0.00","1341811.00","0.00","0.00","0.00","23.86"
"115/08/21","115","2","6163","華電網","6149029.00","1126865.00","7275894.00","3939151.00","349533.00","4288684.00","1488387.00","--","530000.00","815444.00","99384.00","--","2933215.00","--","--","53995.00","2987210.00","0.00","0.00","0.00","19.71"
"115/08/21","115","2","6167","久正","969262.00","1066492.00","2035754.00","319051.00","6185.00","325236.00","1460000.00","--","89093.00","226168.00","-64743.00","--","1710518.00","--","--","0.00","1710518.00","0.00","0.00","0.00","11.72"
"115/08/21","115","2","6169","昱泉","56128.00","413824.00","469952.00","28850.00","238909.00","267759.00","233950.00","--","3877.00","-23744.00","-11890.00","--","202193.00","--","--","--","202193.00","0.00","0.00","0.00","8.64"
"115/08/21","115","2","6170","統振","4594243.00","722075.00","5316318.00","3308387.00","37357.00","3345744.00","972601.00","--","456857.00","495203.00","31024.00","0.00","1955685.00","--","--","14889.00","1970574.00","--","0.00","0.00","20.11"
"115/08/21","115","2","6171","大城地產","4650806.00","8642.00","4659448.00","2287907.00","0.00","2287907.00","1000000.00","--","201784.00","1169757.00","0.00","--","--","--","--","--","2371541.00","--","0.00","0.00","23.72"
"115/08/21","115","2","6173","信昌電","3950458.00","8290347.00","12240805.00","1893310.00","199425.00","2092735.00","1712000.00","--","295286.00","4912199.00","3228585.00","0.00","10148070.00","--","--","--","10148070.00","--","0.00","0.00","59.28"
"115/08/21","115","2","6174","安��","655635.00","419780.00","1075415.00","364192.00","42858.00","407050.00","500000.00","--","--","162424.00","5941.00","--","668365.00","--","--","--","668365.00","0.00","0.00","0.00","13.37"
"115/08/21","115","2","6175","立敦","3764808.00","3302459.00","7067267.00","1494425.00","260811.00","1755236.00","1501218.00","--","818086.00","1823711.00","95215.00","0.00","4238230.00","--","--","1073801.00","5312031.00","0.00","0.00","0.00","28.23"
"115/08/21","115","2","6179","亞通","11375653.00","3272499.00","14648152.00","8674394.00","1840880.00","10515274.00","1773246.00","--","1838996.00","216305.00","-77807.00","0.00","3750740.00","--","--","382138.00","4132878.00","0.00","0.00","0.00","21.15"
"115/08/21","115","2","6180","橘子","3062554.00","5097625.00","8160179.00","3826987.00","85606.00","3912593.00","1754936.00","--","1337468.00","1435033.00","-482103.00","-151893.00","3893441.00","--","--","354145.00","4247586.00","0.00","0.00","3540000.00","22.64"
"115/08/21","115","2","6182","合晶","11552666.00","30988239.00","42540905.00","5493059.00","8951753.00","14444812.00","6253056.00","--","8087479.00","2651969.00","16314.00","--","17008818.00","--","--","11087275.00","28096093.00","--","31704347.00","0.00","27.20"
"115/08/21","115","2","6185","幃翔","1837882.00","651064.00","2488946.00","209040.00","154201.00","363241.00","1498675.00","--","62393.00","571394.00","7236.00","-13993.00","2125705.00","--","--","--","2125705.00","--","0.00","1000000.00","14.28"
"115/08/21","115","2","6186","新潤","14824393.00","1345305.00","16169698.00","9749460.00","1829116.00","11578576.00","1949076.00","--","847530.00","1794516.00","--","--","--","--","--","--","4591122.00","0.00","0.00","0.00","23.56"
"115/08/21","115","2","6187","萬潤","8168075.00","5348495.00","13516570.00","4587688.00","161589.00","4749277.00","982628.00","--","3359653.00","2965519.00","1278903.00","-67901.00","8518802.00","--","--","248491.00","8767293.00","0.00","69354.00","898000.00","87.49"
"115/08/21","115","2","6188","廣明","10974956.00","10693363.00","21668319.00","6195359.00","381166.00","6576525.00","2783589.00","--","5162978.00","4409444.00","390951.00","--","12746962.00","--","--","2344832.00","15091794.00","--","0.00","0.00","45.79"
"115/08/21","115","2","6190","萬泰科","6712162.00","3044807.00","9756969.00","4237583.00","1004608.00","5242191.00","1953760.00","--","1430606.00","814257.00","146812.00","-351830.00","3993605.00","--","--","521173.00","4514778.00","--","0.00","6600000.00","21.16"
"115/08/21","115","2","6194","育富","2144351.00","220226.00","2364577.00","323983.00","88901.00","412884.00","480000.00","--","45667.00","1405782.00","20244.00","--","1951693.00","--","--","--","1951693.00","0.00","0.00","0.00","40.66"
"115/08/21","115","2","6195","詩肯","811823.00","2769817.00","3581640.00","929537.00","1316944.00","2246481.00","501930.00","--","294834.00","503998.00","34397.00","--","1335159.00","--","--","0.00","1335159.00","--","0.00","0.00","26.60"
"115/08/21","115","2","6198","瑞築","6554462.00","88325.00","6642787.00","1345842.00","565526.00","1911368.00","1714004.00","--","3111709.00","-103979.00","-282.00","--","4721452.00","--","--","9967.00","4731419.00","--","0.00","0.00","27.55"
"115/08/21","115","2","6199","天品","1868640.00","64998.00","1933638.00","275811.00","575004.00","850815.00","617600.00","--","70981.00","407301.00","-36089.00","--","1059793.00","--","--","23030.00","1082823.00","--","0.00","0.00","17.16"
"115/08/21","115","2","6203","海韻電","3433206.00","431352.00","3864558.00","895756.00","25640.00","921396.00","824013.00","--","276618.00","1848719.00","-6188.00","0.00","2943162.00","--","--","--","2943162.00","--","0.00","0.00","35.72"
"115/08/21","115","2","6204","艾華","326874.00","195141.00","522015.00","105082.00","57401.00","162483.00","231021.00","--","10227.00","131410.00","-13126.00","--","359532.00","--","--","--","359532.00","--","0.00","0.00","15.56"
"115/08/21","115","2","6207","雷科","2966059.00","1615636.00","4581695.00","1451347.00","331744.00","1783091.00","925344.00","--","696068.00","864293.00","311330.00","--","2797035.00","--","--","1569.00","2798604.00","0.00","0.00","0.00","30.23"
"115/08/21","115","2","6208","日揚","3301098.00","3873326.00","7174424.00","2899024.00","1004244.00","3903268.00","944623.00","--","320527.00","1967068.00","-7202.00","0.00","3225016.00","--","--","46140.00","3271156.00","0.00","0.00","0.00","34.14"
"115/08/21","115","2","6210","慶生","307811.00","231451.00","539262.00","157748.00","41177.00","198925.00","350480.00","--","20025.00","-30168.00","--","--","--","--","--","--","340337.00","0.00","0.00","0.00","9.71"
"115/08/21","115","2","6212","理銘","11157153.00","97766.00","11254919.00","7429324.00","702.00","7430026.00","1020000.00","--","0.00","2829245.00","-24352.00","--","--","--","--","--","3824893.00","0.00","0.00","0.00","37.50"
"115/08/21","115","2","6217","中探針","3886280.00","3407969.00","7294249.00","3192095.00","1185940.00","4378035.00","1172100.00","--","1824211.00","-3687.00","27572.00","-90099.00","2930097.00","--","--","-13883.00","2916214.00","0.00","0.00","3193000.00","25.70"
"115/08/21","115","2","6218","豪勉","1151929.00","438259.00","1590188.00","587088.00","2094.00","589182.00","642620.00","--","40295.00","302014.00","16077.00","--","1001006.00","--","--","--","1001006.00","--","0.00","0.00","15.58"
"115/08/21","115","2","6219","富旺","13262632.00","1266065.00","14528697.00","10956296.00","1589402.00","12545698.00","1249671.00","--","349896.00","381862.00","1570.00","--","1982999.00","--","--","--","1982999.00","0.00","0.00","0.00","15.87"
"115/08/21","115","2","6220","岳豐","7456501.00","2668053.00","10124554.00","4900582.00","2030866.00","6931448.00","1464627.00","--","1073929.00","661988.00","-7438.00","--","3193106.00","--","--","0.00","3193106.00","0.00","0.00","0.00","21.80"
"115/08/21","115","2","6221","晉泰","5944999.00","530509.00","6475508.00","3345369.00","88590.00","3433959.00","1686012.00","--","115681.00","814854.00","425002.00","--","3041549.00","--","--","--","3041549.00","--","0.00","0.00","18.04"
"115/08/21","115","2","6222","立軒","1180313.00","526773.00","1707086.00","4446.00","489549.00","493995.00","956889.00","--","294412.00","-15195.00","-23059.00","--","1213047.00","--","--","44.00","1213091.00","--","0.00","0.00","12.68"
"115/08/21","115","2","6223","旺矽","19753505.00","15661972.00","35415477.00","12230870.00","7279972.00","19510842.00","979813.00","--","5615123.00","8807113.00","502586.00","0.00","15904635.00","--","--","0.00","15904635.00","0.00","0.00","0.00","162.32"
"115/08/21","115","2","6227","茂綸","11700178.00","154480.00","11854658.00","8460906.00","175428.00","8636334.00","761118.00","--","117958.00","2271902.00","19780.00","--","3170758.00","--","--","47566.00","3218324.00","--","0.00","0.00","41.66"
"115/08/21","115","2","6228","全譜","154344.00","254410.00","408754.00","155345.00","17590.00","172935.00","260000.00","--","39971.00","-56627.00","-7525.00","--","235819.00","--","--","--","235819.00","--","0.00","0.00","9.07"
"115/08/21","115","2","6229","研通","1265027.00","545152.00","1810179.00","1010458.00","82903.00","1093361.00","403607.00","--","73537.00","191203.00","48471.00","--","716818.00","--","--","--","716818.00","0.00","0.00","0.00","17.76"
"115/08/21","115","2","6231","系微","1608092.00","782888.00","2390980.00","785744.00","524157.00","1309901.00","456522.00","--","67477.00","538714.00","18366.00","--","1081079.00","--","--","--","1081079.00","--","0.00","0.00","23.68"
"115/08/21","115","2","6233","旺玖","1100729.00","615910.00","1716639.00","178207.00","33792.00","211999.00","810219.00","--","145306.00","381688.00","212084.00","-44657.00","1504640.00","--","--","--","1504640.00","0.00","0.00","2000000.00","19.04"
"115/08/21","115","2","6234","高僑","2591522.00","1651746.00","4243268.00","1394885.00","41778.00","1436663.00","1003864.00","--","965910.00","763294.00","73537.00","--","2806605.00","--","--","--","2806605.00","0.00","0.00","0.00","27.96"
"115/08/21","115","2","6236","中湛","148022.00","18770.00","166792.00","8373.00","2643.00","11016.00","416540.00","--","0.00","-259137.00","-1627.00","--","155776.00","--","--","--","155776.00","--","0.00","0.00","3.74"
"115/08/21","115","2","6237","驊訊","609878.00","1038428.00","1648306.00","98640.00","91425.00","190065.00","796454.00","--","518506.00","139450.00","3831.00","--","1458241.00","--","--","0.00","1458241.00","0.00","0.00","0.00","18.31"
"115/08/21","115","2","6240","松崗","209310.00","678651.00","887961.00","407466.00","127464.00","534930.00","228674.00","--","0.00","132854.00","-8497.00","--","353031.00","--","--","--","353031.00","--","0.00","0.00","15.44"
"115/08/21","115","2","6241","鑫永洋","341754.00","260422.00","602176.00","231795.00","1598.00","233393.00","487000.00","--","0.00","-118217.00","0.00","--","--","--","--","--","368783.00","--","0.00","0.00","7.57"
"115/08/21","115","2","6242","立康","251724.00","886304.00","1138028.00","241294.00","53874.00","295168.00","318065.00","--","213389.00","328354.00","-16948.00","--","842860.00","--","--","--","842860.00","--","0.00","0.00","26.50"
"115/08/21","115","2","6244","茂迪","4611995.00","5207857.00","9819852.00","1705397.00","3473393.00","5178790.00","3870419.00","--","533418.00","561184.00","-411414.00","--","4553607.00","--","--","87455.00","4641062.00","--","0.00","0.00","11.77"
"115/08/21","115","2","6245","立端","8659068.00","1563634.00","10222702.00","3869570.00","405315.00","4274885.00","1466083.00","--","1508822.00","2940797.00","32115.00","--","5947817.00","--","--","--","5947817.00","0.00","0.00","0.00","40.57"
"115/08/21","115","2","6246","臺龍","1098486.00","119365.00","1217851.00","802479.00","1433.00","803912.00","378514.00","--","21431.00","8900.00","5094.00","--","413939.00","--","--","--","413939.00","0.00","0.00","0.00","10.94"
"115/08/21","115","2","6248","沛波","2187710.00","1838398.00","4026108.00","1026922.00","814988.00","1841910.00","999561.00","--","910034.00","374607.00","-19597.00","-80407.00","2184198.00","--","--","--","2184198.00","0.00","0.00","3828.00","21.85"
"115/08/21","115","2","6259","百徽","533085.00","66216.00","599301.00","170900.00","7792.00","178692.00","280561.00","--","42573.00","78524.00","18158.00","--","419816.00","--","--","793.00","420609.00","--","0.00","0.00","14.96"
"115/08/21","115","2","6261","久元","4610460.00","4096074.00","8706534.00","1457838.00","260641.00","1718479.00","1284980.00","--","2457284.00","2999269.00","98879.00","--","6840412.00","--","--","147643.00","6988055.00","--","0.00","0.00","53.23"
"115/08/21","115","2","6263","普萊德","2387180.00","166112.00","2553292.00","938569.00","57690.00","996259.00","625010.00","--","11694.00","920329.00","0.00","--","1557033.00","--","--","--","1557033.00","0.00","0.00","0.00","24.91"
"115/08/21","115","2","6264","富裔","4149661.00","875287.00","5024948.00","2392778.00","1592005.00","3984783.00","1363553.00","--","0.00","-722536.00","281035.00","--","922052.00","--","--","118113.00","1040165.00","--","0.00","0.00","6.76"
"115/08/21","115","2","6265","方土昶","2735501.00","224350.00","2959851.00","748314.00","6116.00","754430.00","1181722.00","--","313679.00","770796.00","-60776.00","--","2205421.00","--","--","--","2205421.00","0.00","0.00","0.00","18.66"
"115/08/21","115","2","6266","泰詠","3063355.00","736519.00","3799874.00","1205396.00","143598.00","1348994.00","1538715.00","--","263443.00","577332.00","71390.00","--","2450880.00","--","--","--","2450880.00","0.00","0.00","0.00","15.93"
"115/08/21","115","2","6270","倍微","2117978.00","1805301.00","3923279.00","1189181.00","2682.00","1191863.00","721458.00","--","332523.00","191566.00","1485869.00","--","2731416.00","--","--","--","2731416.00","0.00","0.00","0.00","37.86"
"115/08/21","115","2","6274","台燿","38158634.00","8784096.00","46942730.00","18580070.00","4208584.00","22788654.00","2993361.00","--","9049766.00","11503893.00","607056.00","--","24154076.00","--","--","--","24154076.00","--","10561456.00","0.00","80.69"
"115/08/21","115","2","6275","元山","2251297.00","1556015.00","3807312.00","1566056.00","565713.00","2131769.00","803446.00","--","119587.00","704684.00","48003.00","0.00","1675720.00","--","--","-177.00","1675543.00","0.00","0.00","0.00","20.86"
"115/08/21","115","2","6276","安鈦克","381564.00","54292.00","435856.00","300177.00","9798.00","309975.00","220430.00","--","0.00","-95857.00","1308.00","--","125881.00","--","--","0.00","125881.00","--","0.00","0.00","5.71"
"115/08/21","115","2","6279","胡連","9507466.00","6384725.00","15892191.00","6471712.00","305806.00","6777518.00","1190157.00","--","2171757.00","5624403.00","72793.00","--","9059110.00","--","--","55563.00","9114673.00","--","0.00","0.00","76.12"
"115/08/21","115","2","6284","佳邦","6380540.00","9042625.00","15423165.00","4899733.00","1846861.00","6746594.00","1489803.00","--","3304117.00","3143363.00","799000.00","-89459.00","8646824.00","--","--","29747.00","8676571.00","--","0.00","1000000.00","58.43"
"115/08/21","115","2","6290","良維","9749738.00","3833612.00","13583350.00","3770155.00","1675039.00","5445194.00","1696498.00","--","2477649.00","3662962.00","51823.00","--","7888932.00","--","--","249224.00","8138156.00","0.00","0.00","0.00","46.50"
"115/08/21","115","2","6291","沛亨","1977794.00","423559.00","2401353.00","799590.00","80851.00","880441.00","420000.00","--","495141.00","503456.00","3833.00","--","1422430.00","--","--","98482.00","1520912.00","--","0.00","0.00","33.87"
"115/08/21","115","2","6292","迅德","1529250.00","437634.00","1966884.00","634030.00","138313.00","772343.00","466007.00","--","48889.00","727418.00","-47773.00","0.00","1194541.00","0.00","--","0.00","1194541.00","--","0.00","0.00","25.63"
"115/08/21","115","2","6294","智基","576737.00","712515.00","1289252.00","577384.00","154925.00","732309.00","260471.00","--","--","296472.00","--","--","556943.00","--","--","--","556943.00","0.00","0.00","0.00","21.38"
"115/08/21","115","2","6411","晶焱","4279906.00","2464534.00","6744440.00","1587810.00","32865.00","1620675.00","996552.00","--","1996200.00","2012276.00","83853.00","-110287.00","4978594.00","--","--","145171.00","5123765.00","6300.00","17000.00","1491002.00","50.79"
"115/08/21","115","2","6417","韋僑","1631636.00","1436664.00","3068300.00","721608.00","573728.00","1295336.00","422740.00","--","347958.00","1003868.00","-1602.00","--","1772964.00","--","--","--","1772964.00","--","0.00","0.00","41.94"
"115/08/21","115","2","6418","詠昇","589584.00","458762.00","1048346.00","268320.00","264839.00","533159.00","345220.00","--","92580.00","69271.00","8116.00","--","515187.00","--","--","--","515187.00","0.00","0.00","0.00","14.92"
"115/08/21","115","2","6419","京晨科","1111695.00","119831.00","1231526.00","345069.00","172235.00","517304.00","131592.00","--","1276.00","576175.00","5179.00","--","714222.00","--","--","0.00","714222.00","--","0.00","0.00","54.28"
"115/08/21","115","2","6423","億而得","311030.00","430226.00","741256.00","54331.00","167946.00","222277.00","310160.00","--","245243.00","33291.00","0.00","-69715.00","--","--","--","--","518979.00","--","0.00","744000.00","17.14"
"115/08/21","115","2","6425","易發","2086482.00","1402167.00","3488649.00","1666635.00","478074.00","2144709.00","513823.00","--","730486.00","74037.00","-30165.00","0.00","1288181.00","--","--","55759.00","1343940.00","--","5570.00","0.00","25.34"
"115/08/21","115","2","6432","今展科","1181296.00","285140.00","1466436.00","357995.00","38215.00","396210.00","387841.00","--","460724.00","232010.00","-10349.00","--","1070226.00","--","--","--","1070226.00","--","4417065.00","0.00","27.59"
"115/08/21","115","2","6435","大中","2188508.00","1072421.00","3260929.00","989918.00","29301.00","1019219.00","374613.00","--","169546.00","1360997.00","336554.00","--","--","--","--","--","2241710.00","0.00","0.00","0.00","59.84"
"115/08/21","115","2","6441","廣錠","613470.00","965717.00","1579187.00","663175.00","5932.00","669107.00","533185.00","--","488726.00","-139814.00","-225.00","--","881872.00","--","--","28208.00","910080.00","--","0.00","0.00","16.54"
"115/08/21","115","2","6461","益得","370571.00","1924912.00","2295483.00","228672.00","1172413.00","1401085.00","1102801.00","--","6156.00","-214559.00","0.00","--","--","--","--","--","894398.00","68071734.00","0.00","0.00","8.11"
"115/08/21","115","2","6462","神盾","6941290.00","13622564.00","20563854.00","6062013.00","711237.00","6773250.00","912508.00","--","7907695.00","-489587.00","-936382.00","--","7394234.00","--","--","6396370.00","13790604.00","--","0.00","0.00","81.03"
"115/08/21","115","2","6465","威潤","386392.00","274809.00","661201.00","51096.00","30623.00","81719.00","470737.00","--","13477.00","98314.00","-3046.00","0.00","579482.00","--","--","--","579482.00","0.00","0.00","0.00","12.31"
"115/08/21","115","2","6469","大樹","7942843.00","6078891.00","14021734.00","5323481.00","4959033.00","10282514.00","1590931.00","--","1406241.00","651102.00","20835.00","--","3669109.00","0.00","--","70111.00","3739220.00","0.00","40300.00","0.00","24.45"
"115/08/21","115","2","6470","宇智","1668736.00","67995.00","1736731.00","473799.00","131968.00","605767.00","376941.00","--","265332.00","480421.00","8270.00","--","1130964.00","--","--","--","1130964.00","--","0.00","0.00","30.00"
"115/08/21","115","2","6474","華豫寧","2797610.00","693141.00","3490751.00","1557104.00","239111.00","1796215.00","525262.00","--","183018.00","926855.00","59401.00","--","1694536.00","--","--","--","1694536.00","--","0.00","0.00","32.26"
"115/08/21","115","2","6482","弘煜科","482041.00","61453.00","543494.00","146751.00","7229.00","153980.00","286343.00","--","43464.00","73486.00","-18259.00","--","385034.00","--","--","4480.00","389514.00","--","0.00","0.00","13.45"
"115/08/21","115","2","6485","點序","1510628.00","1111968.00","2622596.00","652598.00","114.00","652712.00","473665.00","--","861939.00","633911.00","20.00","--","1969535.00","--","--","349.00","1969884.00","--","0.00","0.00","41.58"
"115/08/21","115","2","6486","互動","3272356.00","963932.00","4236288.00","2418030.00","41846.00","2459876.00","508933.00","--","887894.00","368190.00","27.00","--","1765044.00","--","--","11368.00","1776412.00","--","0.00","0.00","34.68"
"115/08/21","115","2","6488","環球晶","82387095.00","136833331.00","219220426.00","64293050.00","58206879.00","122499929.00","4781137.00","--","44763934.00","55088756.00","-7909731.00","--","96724096.00","--","--","-3599.00","96720497.00","0.00","0.00","0.00","202.30"
"115/08/21","115","2","6492","生華科","644940.00","34311.00","679251.00","54359.00","8254.00","62613.00","899036.00","--","7526.00","-241089.00","526.00","-49361.00","616638.00","--","--","--","616638.00","0.00","0.00","518000.00","6.90"
"115/08/21","115","2","6494","九齊","1099456.00","217542.00","1316998.00","242111.00","46820.00","288931.00","315597.00","--","196884.00","511271.00","4315.00","--","1028067.00","--","--","--","1028067.00","--","0.00","0.00","32.58"
"115/08/21","115","2","6496","科懋","693720.00","724066.00","1417786.00","446596.00","282204.00","728800.00","472902.00","--","263879.00","-30428.00","6369.00","-23736.00","688986.00","--","--","--","688986.00","0.00","0.00","818000.00","14.83"
"115/08/21","115","2","6498","久禾光","2151731.00","508738.00","2660469.00","920548.00","194408.00","1114956.00","471649.00","--","372468.00","671699.00","29697.00","--","1545513.00","--","--","--","1545513.00","--","0.00","0.00","32.77"
"115/08/21","115","2","6499","益安","1078602.00","472703.00","1551305.00","164177.00","117963.00","282140.00","969449.00","--","1956410.00","-1742798.00","46714.00","0.00","1229775.00","--","--","39390.00","1269165.00","0.00","0.00","0.00","12.69"
"115/08/21","115","2","6506","雙邦","1045574.00","1667758.00","2713332.00","852492.00","544159.00","1396651.00","823608.00","--","10660.00","432979.00","0.00","--","1267247.00","--","--","49434.00","1316681.00","--","0.00","0.00","15.39"
"115/08/21","115","2","6508","惠光","2020594.00","755594.00","2776188.00","288624.00","48370.00","336994.00","865389.00","--","224222.00","1397413.00","-47830.00","--","2439194.00","--","--","--","2439194.00","0.00","0.00","0.00","28.19"
"115/08/21","115","2","6509","聚和","4390582.00","3865476.00","8256058.00","1936625.00","748864.00","2685489.00","1970805.00","--","1319978.00","2402599.00","-122813.00","0.00","5570569.00","--","--","--","5570569.00","--","537227.00","0.00","28.27"
"115/08/21","115","2","6510","精測","9833287.00","4246911.00","14080198.00","2252105.00","1696006.00","3948111.00","329291.00","--","4869864.00","4840669.00","86681.00","--","10126505.00","--","--","5582.00","10132087.00","--","0.00","0.00","307.52"
"115/08/21","115","2","6512","啟發電","263029.00","93096.00","356125.00","24625.00","0.00","24625.00","252600.00","--","121827.00","-42927.00","--","--","331500.00","--","--","--","331500.00","--","0.00","0.00","13.12"
"115/08/21","115","2","6516","勤崴國際","918782.00","276274.00","1195056.00","192340.00","56538.00","248878.00","563369.00","--","292809.00","148552.00","-19206.00","-39346.00","--","--","--","--","946178.00","--","0.00","500000.00","16.95"
"115/08/21","115","2","6517","保勝光學","695772.00","124958.00","820730.00","142975.00","18695.00","161670.00","305791.00","--","83154.00","270115.00","--","--","659060.00","--","--","--","659060.00","--","0.00","0.00","21.55"
"115/08/21","115","2","6523","達爾膚","1319149.00","325244.00","1644393.00","344437.00","26063.00","370500.00","450477.00","--","151700.00","671716.00","--","--","1273893.00","--","--","--","1273893.00","0.00","0.00","0.00","28.28"
"115/08/21","115","2","6527","明達醫","590925.00","764443.00","1355368.00","291855.00","32102.00","323957.00","254586.00","--","215176.00","573560.00","-5335.00","-6576.00","1031411.00","--","--","--","1031411.00","--","0.00","117000.00","40.70"
"115/08/21","115","2","6530","創威","613566.00","23229.00","636795.00","168446.00","6483.00","174929.00","337500.00","--","38486.00","85880.00","--","--","--","--","--","--","461866.00","--","0.00","0.00","13.68"
"115/08/21","115","2","6532","瑞耘","806836.00","846123.00","1652959.00","412611.00","4419.00","417030.00","374451.00","--","248453.00","606118.00","6907.00","--","1235929.00","--","--","--","1235929.00","--","0.00","0.00","33.01"
"115/08/21","115","2","6535","順藥","799508.00","569403.00","1368911.00","123578.00","0.00","123578.00","1678408.00","--","265828.00","-622159.00","-27291.00","-56802.00","1237984.00","--","--","7349.00","1245333.00","0.00","0.00","355000.00","7.39"
"115/08/21","115","2","6538","倉和","1653706.00","1346809.00","3000515.00","587887.00","492704.00","1080591.00","380585.00","--","504631.00","1078820.00","12034.00","-56146.00","1919924.00","--","--","--","1919924.00","--","0.00","788000.00","51.51"
"115/08/21","115","2","6542","隆中","804799.00","136389.00","941188.00","147063.00","9266.00","156329.00","420006.00","--","287147.00","42318.00","7304.00","-51809.00","704966.00","--","--","79893.00","784859.00","0.00","0.00","1000000.00","17.19"
"115/08/21","115","2","6546","正基","2424895.00","1257859.00","3682754.00","792255.00","735330.00","1527585.00","668484.00","--","991837.00","437449.00","33032.00","--","2130802.00","--","--","24367.00","2155169.00","--","0.00","0.00","31.88"
"115/08/21","115","2","6547","高端疫苗","2799099.00","1961665.00","4760764.00","125132.00","1080292.00","1205424.00","3295029.00","--","312179.00","-5530.00","-46338.00","--","3555340.00","--","--","--","3555340.00","--","194594.00","0.00","10.81"
"115/08/21","115","2","6548","長科*","17423909.00","9248448.00","26672357.00","8690210.00","4476909.00","13167119.00","380186.00","--","6082714.00","5042475.00","2391420.00","-942392.00","12954403.00","--","--","550835.00","13505238.00","--","0.00","27151465.00","14.03"
"115/08/21","115","2","6556","勝品","1384972.00","895328.00","2280300.00","609754.00","22619.00","632373.00","287500.00","--","407097.00","912025.00","1173.00","--","1607795.00","--","--","40132.00","1647927.00","--","0.00","0.00","55.92"
"115/08/21","115","2","6560","欣普羅","414277.00","291046.00","705323.00","37994.00","13895.00","51889.00","324747.00","--","216133.00","112554.00","--","--","--","--","--","--","653434.00","--","0.00","0.00","20.12"
"115/08/21","115","2","6561","是方","995987.00","6035993.00","7031980.00","1457319.00","2305220.00","3762539.00","779584.00","--","1379929.00","1457494.00","7177.00","-362961.00","3261223.00","--","--","8218.00","3269441.00","0.00","0.00","1000000.00","42.38"
"115/08/21","115","2","6568","宏觀","1457268.00","385942.00","1843210.00","273779.00","2640.00","276419.00","307962.00","--","387164.00","897430.00","-25765.00","0.00","1566791.00","--","--","--","1566791.00","3500.00","0.00","0.00","50.88"
"115/08/21","115","2","6569","醫揚","982444.00","1382116.00","2364560.00","611195.00","202349.00","813544.00","390707.00","--","749706.00","419859.00","-9256.00","--","1551016.00","--","--","0.00","1551016.00","0.00","0.00","0.00","39.70"
"115/08/21","115","2","6570","維田","623265.00","830347.00","1453612.00","279638.00","330409.00","610047.00","371191.00","--","295942.00","177797.00","-1365.00","--","843565.00","--","--","--","843565.00","--","0.00","0.00","22.73"
"115/08/21","115","2","6574","霈方","815121.00","536315.00","1351436.00","193272.00","90568.00","283840.00","219900.00","--","106907.00","591466.00","149323.00","--","1067596.00","--","--","--","1067596.00","--","0.00","0.00","48.55"
"115/08/21","115","2","6576","逸達","1156982.00","701442.00","1858424.00","128774.00","456793.00","585567.00","1575405.00","--","6135213.00","-6410647.00","-27114.00","--","1272857.00","--","--","--","1272857.00","0.00","0.00","0.00","8.08"
"115/08/21","115","2","6577","勁豐","2138163.00","468961.00","2607124.00","1133802.00","59709.00","1193511.00","600602.00","--","336631.00","531367.00","-54987.00","--","1413613.00","--","--","--","1413613.00","--","0.00","0.00","23.54"
"115/08/21","115","2","6578","達邦蛋白","255940.00","864799.00","1120739.00","97971.00","13409.00","111380.00","719419.00","--","271783.00","26450.00","-8293.00","--","1009359.00","--","--","--","1009359.00","0.00","0.00","0.00","14.03"
"115/08/21","115","2","6584","南俊國際","2263996.00","3221453.00","5485449.00","1228754.00","535145.00","1763899.00","712659.00","--","1753369.00","1278427.00","-20329.00","-2576.00","3721550.00","--","--","--","3721550.00","0.00","0.00","23000.00","52.24"
"115/08/21","115","2","6588","東典光電","564014.00","722582.00","1286596.00","200255.00","162928.00","363183.00","347008.00","--","414017.00","21104.00","-533.00","--","781596.00","0.00","--","141817.00","923413.00","--","0.00","0.00","22.52"
"115/08/21","115","2","6590","普鴻","683820.00","539980.00","1223800.00","248309.00","143345.00","391654.00","286957.00","--","242461.00","178906.00","-6040.00","--","702284.00","--","--","129862.00","832146.00","11601.00","0.00","0.00","28.14"
"115/08/21","115","2","6593","台灣銘板","444788.00","566759.00","1011547.00","129061.00","26122.00","155183.00","318566.00","--","432364.00","103010.00","0.00","--","853940.00","--","--","2424.00","856364.00","--","0.00","0.00","26.81"
"115/08/21","115","2","6596","寬宏藝術","1177998.00","776552.00","1954550.00","715600.00","6929.00","722529.00","380000.00","--","461434.00","397390.00","-6803.00","--","1232021.00","--","--","--","1232021.00","--","0.00","0.00","32.42"
"115/08/21","115","2","6597","立誠","669492.00","1608142.00","2277634.00","505720.00","1002599.00","1508319.00","300423.00","--","391960.00","144712.00","--","-67780.00","--","--","--","--","769315.00","0.00","0.00","840000.00","26.34"
"115/08/21","115","2","6603","富強鑫","5446040.00","3063844.00","8509884.00","3031428.00","2634269.00","5665697.00","1674430.00","--","69079.00","860958.00","65554.00","-23773.00","2646248.00","--","--","197939.00","2844187.00","--","0.00","1403000.00","15.94"
"115/08/21","115","2","6609","瀧澤科","2661705.00","1131327.00","3793032.00","1265302.00","147079.00","1412381.00","724562.00","--","146793.00","1501655.00","7641.00","--","2380651.00","--","--","--","2380651.00","--","0.00","0.00","32.86"
"115/08/21","115","2","6612","奈米醫材","1764103.00","1438328.00","3202431.00","855763.00","351011.00","1206774.00","522661.00","--","912353.00","461678.00","24727.00","-26151.00","1895268.00","--","--","100389.00","1995657.00","--","0.00","354000.00","40.19"
"115/08/21","115","2","6613","朋億*","12630006.00","2578190.00","15208196.00","6246804.00","709154.00","6955958.00","389007.00","--","1893758.00","2819897.00","1322365.00","--","6425027.00","--","--","1827211.00","8252238.00","0.00","0.00","0.00","82.58"
"115/08/21","115","2","6615","慧智","244912.00","490704.00","735616.00","69191.00","18547.00","87738.00","215934.00","--","341589.00","90757.00","-151.00","--","648129.00","--","--","-251.00","647878.00","0.00","0.00","0.00","30.02"
"115/08/21","115","2","6620","漢達","4170827.00","1410029.00","5580856.00","464741.00","93167.00","557908.00","1699819.00","--","3094207.00","828775.00","-39071.00","-560782.00","5022948.00","--","--","--","5022948.00","--","0.00","7453000.00","30.90"
"115/08/21","115","2","6624","萬年清","511842.00","256678.00","768520.00","162786.00","105742.00","268528.00","225795.00","--","239801.00","33461.00","-1596.00","--","497461.00","--","--","2531.00","499992.00","--","0.00","0.00","22.03"
"115/08/21","115","2","6637","醫影","950768.00","971473.00","1922241.00","414884.00","433509.00","848393.00","268100.00","--","316316.00","488727.00","705.00","--","1073848.00","--","--","--","1073848.00","--","0.00","0.00","40.05"
"115/08/21","115","2","6640","均華","3514701.00","5632123.00","9146824.00","3488286.00","515356.00","4003642.00","289115.00","--","434860.00","506098.00","4070539.00","-157430.00","5143182.00","--","--","0.00","5143182.00","0.00","0.00","207000.00","179.18"
"115/08/21","115","2","6642","富致","630288.00","1167413.00","1797701.00","296732.00","414281.00","711013.00","373996.00","--","356834.00","371307.00","-15449.00","--","1086688.00","--","--","--","1086688.00","0.00","0.00","0.00","29.06"
"115/08/21","115","2","6643","M31","1222400.00","884700.00","2107100.00","213163.00","16773.00","229936.00","420902.00","--","883051.00","639467.00","-62848.00","-3408.00","1877164.00","--","--","--","1877164.00","--","0.00","7000.00","44.61"
"115/08/21","115","2","6649","台生材","400782.00","330333.00","731115.00","38100.00","49168.00","87268.00","420000.00","--","192668.00","31179.00","--","--","--","--","--","--","643847.00","0.00","0.00","0.00","15.33"
"115/08/21","115","2","6651","全宇昕","1475878.00","281333.00","1757211.00","437632.00","7958.00","445590.00","346016.00","--","295400.00","670205.00","0.00","--","--","--","--","--","1311621.00","0.00","0.00","0.00","37.91"
"115/08/21","115","2","6654","天正國際","1185477.00","1261675.00","2447152.00","722376.00","374787.00","1097163.00","409627.00","--","641207.00","100961.00","179097.00","--","1330892.00","--","--","19097.00","1349989.00","--","0.00","0.00","32.49"
"115/08/21","115","2","6661","威健生技","306901.00","351690.00","658591.00","160507.00","220454.00","380961.00","233043.00","--","50932.00","13299.00","-24136.00","--","273138.00","--","--","4492.00","277630.00","--","0.00","0.00","11.72"
"115/08/21","115","2","6662","樂斯科","220957.00","376729.00","597686.00","95224.00","75016.00","170240.00","256124.00","--","84121.00","117637.00","-30436.00","--","--","--","--","--","427446.00","--","0.00","0.00","16.69"
"115/08/21","115","2","6664","群翊","8028048.00","1601811.00","9629859.00","4256782.00","1187090.00","5443872.00","611513.00","--","998065.00","2572099.00","4310.00","--","4185987.00","0.00","--","0.00","4185987.00","--","344737.00","0.00","68.45"
"115/08/21","115","2","6667","信紘科","5958417.00","1339572.00","7297989.00","4246828.00","536273.00","4783101.00","492789.00","--","1255037.00","749986.00","-11929.00","--","2485883.00","--","--","29005.00","2514888.00","--","0.00","0.00","50.45"
"115/08/21","115","2","6679","鈺太","4001268.00","2301340.00","6302608.00","370033.00","33907.00","403940.00","549753.00","--","3719208.00","1032957.00","961167.00","-364417.00","5898668.00","--","--","--","5898668.00","--","0.00","1688000.00","110.70"
"115/08/21","115","2","6680","鑫創電子","587922.00","936810.00","1524732.00","293793.00","682697.00","976490.00","239542.00","--","170310.00","138456.00","-66.00","--","548242.00","--","--","--","548242.00","--","0.00","0.00","22.89"
"115/08/21","115","2","6683","雍智科技","2812844.00","961095.00","3773939.00","914742.00","31694.00","946436.00","275572.00","--","430367.00","2168056.00","-46492.00","--","2827503.00","--","--","--","2827503.00","--","0.00","0.00","102.60"
"115/08/21","115","2","6684","安格","543788.00","1114373.00","1658161.00","88378.00","19397.00","107775.00","445595.00","--","1347437.00","-124762.00","-126055.00","--","1542215.00","--","--","8171.00","1550386.00","--","0.00","0.00","34.61"
"115/08/21","115","2","6690","安�硌穈T","2561364.00","2244531.00","4805895.00","1199328.00","583694.00","1783022.00","299997.00","--","2289805.00","468030.00","-34959.00","--","3022873.00","--","--","--","3022873.00","0.00","0.00","0.00","100.76"
"115/08/21","115","2","6692","進能服","1516645.00","461024.00","1977669.00","969964.00","37946.00","1007910.00","588439.00","--","298000.00","123339.00","-17459.00","-28598.00","963721.00","0.00","--","6038.00","969759.00","0.00","0.00","897000.00","16.63"
"115/08/21","115","2","6693","廣閎科","1364881.00","673485.00","2038366.00","541632.00","250177.00","791809.00","457200.00","--","582219.00","214948.00","31085.00","-38895.00","1246557.00","--","--","0.00","1246557.00","0.00","0.00","674000.00","27.67"
"115/08/21","115","2","6697","東捷資訊","780048.00","153915.00","933963.00","318489.00","12599.00","331088.00","273234.00","--","158042.00","170965.00","634.00","--","602875.00","--","--","--","602875.00","0.00","0.00","0.00","22.06"
"115/08/21","115","2","6703","軒郁","1647955.00","745033.00","2392988.00","733036.00","329691.00","1062727.00","362572.00","--","586747.00","394758.00","-22646.00","-36008.00","1285423.00","--","--","44838.00","1330261.00","--","0.00","250000.00","39.27"
"115/08/21","115","2","6708","天擎","387817.00","47481.00","435298.00","43691.00","6974.00","50665.00","290088.00","--","114776.00","2717.00","-2532.00","-20416.00","384633.00","--","--","--","384633.00","--","0.00","420000.00","13.45"
"115/08/21","115","2","6712","長聖","1270043.00","2267307.00","3537350.00","672968.00","50832.00","723800.00","1017639.00","--","1644371.00","343592.00","-52404.00","-139648.00","2813550.00","--","--","--","2813550.00","--","0.00","1033000.00","27.93"
"115/08/21","115","2","6716","應廣","1201445.00","117382.00","1318827.00","441158.00","28702.00","469860.00","302418.00","--","193425.00","400275.00","-47151.00","0.00","848967.00","--","--","--","848967.00","0.00","0.00","0.00","28.07"
"115/08/21","115","2","6720","久昌","682980.00","323342.00","1006322.00","108684.00","34466.00","143150.00","302257.00","--","538271.00","88712.00","10429.00","-76497.00","863172.00","--","--","--","863172.00","--","0.00","550000.00","29.09"
"115/08/21","115","2","6721","信實","1011352.00","185322.00","1196674.00","503487.00","37829.00","541316.00","225000.00","--","178985.00","246512.00","--","--","650497.00","--","--","4861.00","655358.00","--","0.00","0.00","28.91"
"115/08/21","115","2","6725","矽科宏晟","4038749.00","572890.00","4611639.00","1939552.00","299680.00","2239232.00","371300.00","--","903538.00","1087848.00","9721.00","0.00","2372407.00","--","--","--","2372407.00","--","0.00","0.00","63.89"
"115/08/21","115","2","6727","亞泰金屬","5273116.00","883861.00","6156977.00","4636216.00","65958.00","4702174.00","268842.00","--","394247.00","780690.00","11024.00","--","1454803.00","--","--","--","1454803.00","--","0.00","0.00","54.11"
"115/08/21","115","2","6728","上洋","2442548.00","2125997.00","4568545.00","1665135.00","933237.00","2598372.00","301200.00","--","898442.00","769885.00","-16.00","--","1969511.00","--","--","662.00","1970173.00","--","0.00","0.00","65.39"
"115/08/21","115","2","6730","常廣","342454.00","824779.00","1167233.00","184871.00","242617.00","427488.00","362982.00","--","143343.00","233796.00","-376.00","--","739745.00","--","--","--","739745.00","--","0.00","0.00","20.38"
"115/08/21","115","2","6732","昇佳電子","3003034.00","2734164.00","5737198.00","1008482.00","95005.00","1103487.00","489126.00","--","2202370.00","1435138.00","507077.00","--","--","--","--","--","4633711.00","--","0.00","0.00","94.73"
"115/08/21","115","2","6733","博晟生醫","970552.00","154824.00","1125376.00","30211.00","15492.00","45703.00","1343160.00","--","263465.00","-522633.00","-16649.00","--","1067343.00","--","--","12330.00","1079673.00","0.00","0.00","0.00","7.95"
"115/08/21","115","2","6735","美達科技","750687.00","444595.00","1195282.00","235862.00","12468.00","248330.00","461823.00","--","341234.00","145231.00","-1336.00","--","946952.00","--","--","--","946952.00","0.00","0.00","0.00","20.50"
"115/08/21","115","2","6739","竹陞科技","1166275.00","513813.00","1680088.00","644282.00","4209.00","648491.00","233925.00","--","370363.00","430482.00","-60.00","-3113.00","1031597.00","--","--","--","1031597.00","0.00","0.00","57000.00","44.21"
"115/08/21","115","2","6741","91APP*-KY","3159681.00","1952870.00","5112551.00","2064893.00","47443.00","2112336.00","602890.00","--","1230594.00","1931878.00","109519.00","-885383.00","2989498.00","--","--","10717.00","3000215.00","--","0.00","9671000.00","26.95"
"115/08/21","115","2","6751","智聯服務","773369.00","673416.00","1446785.00","428687.00","34185.00","462872.00","222000.00","--","598809.00","119523.00","-10579.00","--","929753.00","--","--","54160.00","983913.00","--","0.00","0.00","41.88"
"115/08/21","115","2","6752","叡揚","1151295.00","1501819.00","2653114.00","1118769.00","178468.00","1297237.00","382584.00","--","127197.00","764857.00","64404.00","--","1339042.00","--","--","16835.00","1355877.00","--","0.00","0.00","36.05"
"115/08/21","115","2","6761","穩得","1655647.00","1474771.00","3130418.00","1226177.00","189487.00","1415664.00","349559.00","--","901096.00","482960.00","-12851.00","-15598.00","1705166.00","--","--","9588.00","1714754.00","0.00","0.00","174000.00","49.02"
"115/08/21","115","2","6762","達亞","536479.00","2212143.00","2748622.00","958522.00","486664.00","1445186.00","369303.00","--","665467.00","268666.00","0.00","--","--","--","--","--","1303436.00","0.00","0.00","0.00","37.06"
"115/08/21","115","2","6763","綠界科技*","5929489.00","1469729.00","7399218.00","4296549.00","85344.00","4381893.00","184039.00","--","2129823.00","771493.00","-103402.00","--","2981953.00","--","--","35372.00","3017325.00","--","0.00","0.00","16.20"
"115/08/21","115","2","6767","台微醫","479475.00","216825.00","696300.00","46241.00","77904.00","124145.00","391836.00","--","325191.00","-144960.00","88.00","--","572155.00","--","--","--","572155.00","--","0.00","0.00","14.60"
"115/08/21","115","2","6785","昱展新藥","2318189.00","131097.00","2449286.00","59790.00","12552.00","72342.00","668000.00","--","1578777.00","122427.00","7740.00","--","--","--","--","--","2376944.00","--","0.00","0.00","35.58"
"115/08/21","115","2","6788","華景電","3077453.00","829402.00","3906855.00","974777.00","284454.00","1259231.00","387397.00","--","1209373.00","984352.00","57393.00","--","2638515.00","--","--","9109.00","2647624.00","0.00","0.00","0.00","68.11"
"115/08/21","115","2","6791","虎門科技","644676.00","214820.00","859496.00","324980.00","30036.00","355016.00","208470.00","--","116177.00","145789.00","-161.00","--","470275.00","--","--","34205.00","504480.00","--","0.00","0.00","22.56"
"115/08/21","115","2","6803","崑鼎","5093077.00","13008763.00","18101840.00","4770114.00","5741350.00","10511464.00","727944.00","--","3242544.00","2759912.00","115926.00","-57.00","6846269.00","--","--","744107.00","7590376.00","0.00","0.00","1605.00","94.05"
"115/08/21","115","2","6804","明係","623582.00","1157921.00","1781503.00","385352.00","123801.00","509153.00","475000.00","--","592096.00","228039.00","-22785.00","--","1272350.00","--","--","--","1272350.00","--","0.00","0.00","26.79"
"115/08/21","115","2","6811","宏�硌穈T","5174571.00","2050677.00","7225248.00","4772116.00","129497.00","4901613.00","414490.00","--","630999.00","1312347.00","-34201.00","--","2323635.00","0.00","--","--","2323635.00","--","0.00","0.00","56.06"
"115/08/21","115","2","6821","聯寶","891449.00","319279.00","1210728.00","223423.00","180004.00","403427.00","356632.00","--","262957.00","242681.00","-21900.00","-33069.00","807301.00","0.00","--","0.00","807301.00","--","3804686.00","855000.00","23.19"
"115/08/21","115","2","6823","濾能","468788.00","749427.00","1218215.00","449015.00","270755.00","719770.00","305339.00","--","337264.00","-143888.00","-1484.00","-1714.00","495517.00","--","--","2928.00","498445.00","0.00","0.00","28000.00","16.24"
"115/08/21","115","2","6829","千附精密","1268060.00","2322494.00","3590554.00","952673.00","727310.00","1679983.00","591690.00","--","972310.00","346571.00","--","--","--","--","--","--","1910571.00","--","0.00","0.00","32.29"
"115/08/21","115","2","6840","東研信超","611795.00","1232808.00","1844603.00","514449.00","249957.00","764406.00","307673.00","--","490868.00","276208.00","5448.00","--","1080197.00","--","--","--","1080197.00","--","0.00","0.00","35.11"
"115/08/21","115","2","6841","長佳智能","1759573.00","1118426.00","2877999.00","568855.00","1699.00","570554.00","952230.00","--","705631.00","-389.00","--","-74766.00","1582706.00","--","--","724739.00","2307445.00","--","0.00","765000.00","16.76"
"115/08/21","115","2","6843","進典","1014572.00","485501.00","1500073.00","246637.00","421454.00","668091.00","333040.00","--","287525.00","188241.00","22219.00","--","831025.00","--","--","957.00","831982.00","--","0.00","0.00","24.95"
"115/08/21","115","2","6844","諾貝兒","2642266.00","2417240.00","5059506.00","873704.00","1072812.00","1946516.00","374284.00","--","1326137.00","1419032.00","-6463.00","--","3112990.00","--","--","--","3112990.00","--","0.00","0.00","83.17"
"115/08/21","115","2","6846","綠茵","1529585.00","941830.00","2471415.00","319876.00","1233580.00","1553456.00","270660.00","--","259149.00","388636.00","-486.00","--","917959.00","--","--","--","917959.00","--","0.00","0.00","33.92"
"115/08/21","115","2","6855","數泓科","1389128.00","84051.00","1473179.00","586152.00","3768.00","589920.00","232497.00","--","69316.00","579803.00","1643.00","--","--","--","--","--","883259.00","--","0.00","0.00","37.99"
"115/08/21","115","2","6856","鑫傳","651611.00","404826.00","1056437.00","275881.00","20723.00","296604.00","282000.00","--","232103.00","206476.00","-2823.00","--","717756.00","--","--","42077.00","759833.00","0.00","0.00","0.00","25.45"
"115/08/21","115","2","6859","伯特光","1459535.00","1049179.00","2508714.00","290318.00","113416.00","403734.00","415886.00","--","635807.00","1052110.00","1177.00","--","2104980.00","--","--","--","2104980.00","--","0.00","0.00","50.61"
"115/08/21","115","2","6865","偉康科技","359702.00","100597.00","460299.00","89980.00","30252.00","120232.00","158406.00","--","154585.00","42245.00","-29.00","-15140.00","--","--","--","--","340067.00","0.00","0.00","340000.00","21.94"
"115/08/21","115","2","6870","騰雲","1491253.00","1473164.00","2964417.00","977543.00","703972.00","1681515.00","283175.00","--","769527.00","178040.00","-2708.00","--","1228034.00","--","--","54868.00","1282902.00","--","266988.00","0.00","51.94"
"115/08/21","115","2","6872","浩宇生醫","391997.00","179515.00","571512.00","67037.00","8448.00","75485.00","707505.00","--","538792.00","-760577.00","272.00","--","485992.00","--","--","10035.00","496027.00","0.00","0.00","0.00","6.87"
"115/08/21","115","2","6874","倍力","1121870.00","454575.00","1576445.00","1003450.00","102577.00","1106027.00","241562.00","--","133162.00","130581.00","--","-34887.00","--","--","--","--","470418.00","0.00","0.00","438000.00","21.82"
"115/08/21","115","2","6875","國邑*","1016074.00","766736.00","1782810.00","81627.00","334970.00","416597.00","645914.00","--","901914.00","-181623.00","8.00","--","1366213.00","--","--","--","1366213.00","0.00","0.00","0.00","10.58"
"115/08/21","115","2","6877","鏵友益","762977.00","394719.00","1157696.00","166058.00","156255.00","322313.00","469671.00","--","390957.00","-3392.00","-21853.00","0.00","835383.00","--","--","--","835383.00","0.00","0.00","0.00","17.79"
"115/08/21","115","2","6881","潤德","1997449.00","465969.00","2463418.00","1630566.00","64082.00","1694648.00","150000.00","--","388035.00","231144.00","-409.00","--","--","--","--","--","768770.00","0.00","0.00","0.00","51.25"
"115/08/21","115","2","6884","海柏特","677911.00","123148.00","801059.00","319691.00","161926.00","481617.00","183900.00","--","65277.00","61968.00","5245.00","--","316390.00","--","--","3052.00","319442.00","0.00","0.00","0.00","17.20"
"115/08/21","115","2","6894","衛司特","2101839.00","1264222.00","3366061.00","714692.00","649692.00","1364384.00","238000.00","--","701921.00","680950.00","30074.00","--","1650945.00","--","--","350732.00","2001677.00","0.00","0.00","0.00","69.37"
"115/08/21","115","2","6895","宏碩系統","521284.00","540226.00","1061510.00","149288.00","16888.00","166176.00","341000.00","--","534929.00","19405.00","--","--","--","--","--","--","895334.00","0.00","0.00","0.00","26.26"
"115/08/21","115","2","6899","創為精密","1259880.00","1142329.00","2402209.00","353288.00","191629.00","544917.00","423985.00","--","363678.00","1097126.00","-1543.00","-26105.00","1857141.00","--","--","151.00","1857292.00","0.00","0.00","500000.00","44.32"
"115/08/21","115","2","6903","巨漢","6095141.00","437047.00","6532188.00","2888826.00","2117.00","2890943.00","666760.00","--","1197290.00","1886953.00","--","-109758.00","--","--","--","--","3641245.00","--","0.00","828000.00","55.30"
"115/08/21","115","2","6904","伯鑫","832406.00","943589.00","1775995.00","513511.00","254583.00","768094.00","185000.00","--","239467.00","590491.00","-7057.00","--","1007901.00","--","--","--","1007901.00","0.00","0.00","0.00","54.48"
"115/08/21","115","2","6907","雅特力-KY","2452884.00","76310.00","2529194.00","807924.00","104542.00","912466.00","625252.00","--","407640.00","512784.00","71052.00","--","1616728.00","--","--","--","1616728.00","--","0.00","0.00","25.86"
"115/08/21","115","2","6910","德鴻","550329.00","37100.00","587429.00","126689.00","9673.00","136362.00","305210.00","--","87239.00","54206.00","4412.00","--","451067.00","--","--","--","451067.00","--","0.00","0.00","14.78"
"115/08/21","115","2","6913","鴻呈","2728753.00","1026542.00","3755295.00","1192564.00","732718.00","1925282.00","438488.00","--","663519.00","696669.00","-28542.00","-28969.00","1741165.00","--","--","88848.00","1830013.00","--","0.00","268000.00","39.95"
"115/08/21","115","2","6922","宸曜","1456092.00","963143.00","2419235.00","773562.00","563262.00","1336824.00","271554.00","--","362922.00","433569.00","14366.00","--","1082411.00","--","--","--","1082411.00","0.00","0.00","0.00","39.86"
"115/08/21","115","2","6925","意藍","410058.00","96728.00","506786.00","66225.00","51460.00","117685.00","200003.00","--","106476.00","82622.00","--","--","--","--","--","--","389101.00","--","0.00","0.00","19.45"
"115/08/21","115","2","6929","佑全","1346964.00","1460495.00","2807459.00","897381.00","901772.00","1799153.00","450900.00","--","669918.00","-96303.00","-16209.00","--","--","--","--","--","1008306.00","--","0.00","0.00","22.36"
"115/08/21","115","2","6945","圓祥生技","2246016.00","166226.00","2412242.00","38950.00","47695.00","86645.00","983589.00","--","1555973.00","-217293.00","3328.00","--","2325597.00","--","--","--","2325597.00","0.00","208750.00","0.00","23.93"
"115/08/21","115","2","6953","家碩","2457523.00","726474.00","3183997.00","1191115.00","348252.00","1539367.00","300146.00","--","785742.00","528606.00","30136.00","--","1644630.00","--","--","--","1644630.00","--","0.00","0.00","54.79"
"115/08/21","115","2","6961","旅天下","1355793.00","191258.00","1547051.00","560129.00","48284.00","608413.00","268340.00","--","543246.00","87952.00","17694.00","--","917232.00","--","--","21406.00","938638.00","0.00","0.00","0.00","34.18"
"115/08/21","115","2","6967","汎瑋材料","1124779.00","186790.00","1311569.00","485822.00","9277.00","495099.00","249045.00","--","299602.00","282537.00","10923.00","-25637.00","816470.00","--","--","--","816470.00","--","0.00","500000.00","33.46"
"115/08/21","115","2","6968","萬達寵物","1377596.00","2155552.00","3533148.00","807407.00","1407062.00","2214469.00","504363.00","--","588293.00","225475.00","--","--","1318131.00","--","--","548.00","1318679.00","0.00","0.00","0.00","26.66"
"115/08/21","115","2","6971","惠民實業","2082167.00","1112276.00","3194443.00","1741758.00","555961.00","2297719.00","386680.00","--","269514.00","214690.00","3227.00","--","874111.00","--","--","22613.00","896724.00","0.00","0.00","0.00","22.61"
"115/08/21","115","2","6982","大井泵浦","1133311.00","1828897.00","2962208.00","760757.00","1328296.00","2089053.00","407523.00","--","415360.00","53373.00","-3101.00","--","873155.00","--","--","--","873155.00","0.00","3236.00","0.00","21.43"
"115/08/21","115","2","6983","華洋精機","709605.00","328511.00","1038116.00","100143.00","37166.00","137309.00","180200.00","--","604384.00","116223.00","--","--","--","--","--","--","900807.00","0.00","0.00","0.00","49.99"
"115/08/21","115","2","6986","和迅","956761.00","222126.00","1178887.00","78839.00","31111.00","109950.00","521340.00","--","349752.00","197845.00","--","--","--","--","--","--","1068937.00","0.00","0.00","0.00","20.50"
"115/08/21","115","2","6996","力領科技","2557529.00","908197.00","3465726.00","745197.00","18279.00","763476.00","419933.00","--","1490237.00","758266.00","33814.00","--","--","--","--","--","2702250.00","--","0.00","0.00","64.34"
"115/08/21","115","2","6997","博弘","1987802.00","328126.00","2315928.00","1677967.00","132377.00","1810344.00","221005.00","--","255519.00","25266.00","3794.00","--","505584.00","--","--","--","505584.00","--","0.00","0.00","22.88"
"115/08/21","115","2","7402","邑錡","764429.00","414191.00","1178620.00","179165.00","373613.00","552778.00","352806.00","--","254389.00","49546.00","-30899.00","0.00","--","0.00","0.00","--","625842.00","0.00","0.00","0.00","17.74"
"115/08/21","115","2","7547","碩網","1086882.00","69773.00","1156655.00","178335.00","3019.00","181354.00","339560.00","--","537860.00","93810.00","4071.00","--","975301.00","--","--","--","975301.00","--","328000.00","0.00","28.72"
"115/08/21","115","2","7556","意德士科技","1059359.00","1423858.00","2483217.00","375222.00","357116.00","732338.00","290809.00","--","542498.00","523983.00","390466.00","--","1747756.00","--","--","3123.00","1750879.00","--","8291.00","0.00","63.06"
"115/08/21","115","2","7584","樂意","198108.00","564003.00","762111.00","309874.00","15145.00","325019.00","170555.00","--","179362.00","87210.00","13108.00","-13143.00","437092.00","--","--","0.00","437092.00","--","0.00","400000.00","27.21"
"115/08/21","115","2","7642","昶瑞機電","496911.00","1031113.00","1528024.00","337956.00","238932.00","576888.00","301500.00","--","344757.00","304879.00","--","--","951136.00","--","--","--","951136.00","0.00","0.00","0.00","31.55"
"115/08/21","115","2","7703","銳澤","2784817.00","676585.00","3461402.00","1392837.00","45147.00","1437984.00","347450.00","--","1158270.00","512711.00","3133.00","--","2021564.00","--","--","1854.00","2023418.00","0.00","0.00","0.00","58.18"
"115/08/21","115","2","7704","明遠精密","1002505.00","346631.00","1349136.00","161277.00","14008.00","175285.00","337698.00","--","667866.00","156377.00","6452.00","0.00","1168393.00","0.00","--","5458.00","1173851.00","--","0.00","0.00","34.60"
"115/08/21","115","2","7708","全家餐飲","1233573.00","796137.00","2029710.00","719060.00","307028.00","1026088.00","255000.00","--","412735.00","333969.00","1918.00","--","1003622.00","--","--","--","1003622.00","0.00","0.00","0.00","39.36"
"115/08/21","115","2","7709","榮田","1921874.00","864310.00","2786184.00","921018.00","167743.00","1088761.00","391027.00","--","197061.00","1109335.00","0.00","--","--","--","--","--","1697423.00","--","0.00","0.00","43.41"
"115/08/21","115","2","7712","博盛半導體","1502126.00","1261259.00","2763385.00","617933.00","260207.00","878140.00","325619.00","--","730158.00","828440.00","1028.00","--","1885245.00","--","--","--","1885245.00","0.00","0.00","0.00","57.90"
"115/08/21","115","2","7713","威力德生醫","696763.00","1823617.00","2520380.00","448640.00","871262.00","1319902.00","454789.00","--","384373.00","351745.00","9571.00","--","1200478.00","--","--","--","1200478.00","--","0.00","0.00","26.40"
"115/08/21","115","2","7714","創泓科技","1078649.00","76281.00","1154930.00","557820.00","11674.00","569494.00","210000.00","--","209634.00","158553.00","768.00","--","578955.00","--","--","6481.00","585436.00","--","0.00","0.00","27.57"
"115/08/21","115","2","7715","裕山","1242673.00","324912.00","1567585.00","386977.00","280186.00","667163.00","327565.00","--","322258.00","248293.00","2306.00","0.00","900422.00","--","--","--","900422.00","0.00","0.00","0.00","27.49"
"115/08/21","115","2","7716","昱臺國際","559017.00","206582.00","765599.00","226981.00","58953.00","285934.00","225000.00","--","64974.00","186900.00","-2.00","--","476872.00","--","--","2793.00","479665.00","--","0.00","0.00","21.19"
"115/08/21","115","2","7718","友鋮","1463167.00","771420.00","2234587.00","614235.00","66026.00","680261.00","463565.00","--","419157.00","707502.00","2905.00","-38803.00","1554326.00","--","--","--","1554326.00","0.00","0.00","800000.00","34.12"
"115/08/21","115","2","7723","築間","320378.00","3304416.00","3624794.00","1102734.00","1884643.00","2987377.00","496195.00","--","348635.00","-135984.00","-4414.00","-68651.00","635781.00","--","--","1636.00","637417.00","0.00","0.00","2000000.00","13.35"
"115/08/21","115","2","7728","光焱科技","888816.00","68860.00","957676.00","227680.00","8133.00","235813.00","139926.00","--","501368.00","80018.00","551.00","--","721863.00","--","--","--","721863.00","--","0.00","0.00","52.10"
"115/08/21","115","2","7734","印能科技","7602756.00","1040168.00","8642924.00","1544631.00","376059.00","1920690.00","280000.00","--","3850876.00","2837171.00","7358.00","-281845.00","6693560.00","--","--","28674.00","6722234.00","--","0.00","250000.00","241.21"
"115/08/21","115","2","7738","東聯互動","2405853.00","109543.00","2515396.00","625749.00","3952.00","629701.00","273558.00","--","1208505.00","395481.00","8151.00","--","1885695.00","--","--","--","1885695.00","0.00","0.00","0.00","68.93"
"115/08/21","115","2","7743","金利食安","630529.00","481007.00","1111536.00","194419.00","171346.00","365765.00","364833.00","--","198249.00","83389.00","1098.00","--","647569.00","--","--","98202.00","745771.00","--","0.00","0.00","17.75"
"115/08/21","115","2","7744","崴寶","2862778.00","1258531.00","4121309.00","1337406.00","75025.00","1412431.00","320767.00","--","1298159.00","1098059.00","-8107.00","--","2708878.00","--","--","--","2708878.00","--","0.00","0.00","84.45"
"115/08/21","115","2","7747","昕奇雲端","1193967.00","262636.00","1456603.00","454843.00","6329.00","461172.00","301686.00","--","539321.00","121585.00","570.00","--","963162.00","0.00","--","32269.00","995431.00","0.00","0.00","0.00","35.12"
"115/08/21","115","2","7751","竑騰","4324795.00","291599.00","4616394.00","2181131.00","68484.00","2249615.00","268886.00","--","758514.00","1327557.00","5312.00","--","2360269.00","--","--","6510.00","2366779.00","--","0.00","0.00","87.78"
"115/08/21","115","2","7753","星亞","692164.00","248273.00","940437.00","329930.00","41045.00","370975.00","250000.00","--","141352.00","178110.00","--","--","--","--","--","--","569462.00","--","0.00","0.00","22.78"
"115/08/21","115","2","7757","金色三麥","859308.00","1180380.00","2039688.00","647786.00","377524.00","1025310.00","241000.00","--","539074.00","216840.00","0.00","--","996914.00","--","--","17464.00","1014378.00","0.00","0.00","0.00","41.37"
"115/08/21","115","2","7767","仁大資訊","2116040.00","970032.00","3086072.00","1912696.00","271893.00","2184589.00","301000.00","--","169512.00","433183.00","-2212.00","--","901483.00","--","--","--","901483.00","--","0.00","0.00","29.95"
"115/08/21","115","2","7770","君曜","644297.00","85651.00","729948.00","124507.00","36993.00","161500.00","300621.00","--","152752.00","115032.00","43.00","--","568448.00","--","--","--","568448.00","0.00","0.00","0.00","18.91"
"115/08/21","115","2","7772","耀穎","746538.00","670216.00","1416754.00","186858.00","213683.00","400541.00","264986.00","--","593228.00","158353.00","-354.00","--","--","--","--","--","1016213.00","0.00","0.00","0.00","38.35"
"115/08/21","115","2","7777","能率亞洲","480013.00","1829020.00","2309033.00","26088.00","0.00","26088.00","1866062.00","--","179511.00","240029.00","-2657.00","--","--","--","--","--","2282945.00","0.00","0.00","0.00","12.51"
"115/08/21","115","2","7782","光速火箭","447345.00","399396.00","846741.00","181384.00","200943.00","382327.00","232130.00","--","174332.00","56226.00","--","-5530.00","457158.00","--","--","7256.00","464414.00","0.00","0.00","130000.00","19.80"
"115/08/21","115","2","7792","安葆","5572691.00","604716.00","6177407.00","2664141.00","193864.00","2858005.00","466620.00","--","1518144.00","1331889.00","2749.00","--","3319402.00","--","--","--","3319402.00","0.00","0.00","0.00","71.14"
"115/08/21","115","2","7794","宏�硒撥s","819626.00","419950.00","1239576.00","461630.00","311237.00","772867.00","280000.00","--","121959.00","76037.00","-11287.00","--","466709.00","--","--","--","466709.00","0.00","0.00","0.00","16.67"
"115/08/21","115","2","7805","威聯通","6329299.00","4959894.00","11289193.00","3330787.00","238078.00","3568865.00","397501.00","--","2372645.00","4605461.00","344721.00","--","7720328.00","--","--","--","7720328.00","0.00","0.00","0.00","233.07"
"115/08/21","115","2","7810","捷創科技","1103957.00","173479.00","1277436.00","314960.00","13818.00","328778.00","202500.00","--","545877.00","200547.00","-266.00","--","--","--","--","--","948658.00","--","0.00","0.00","46.85"
"115/08/21","115","2","7811","民盛","1894008.00","1122821.00","3016829.00","939152.00","89302.00","1028454.00","333770.00","--","1237524.00","352461.00","64620.00","--","1988375.00","--","--","0.00","1988375.00","--","0.00","0.00","59.57"
"115/08/21","115","2","7814","海昌生技","244982.00","65556.00","310538.00","18828.00","10.00","18838.00","400000.00","--","0.00","-108300.00","--","--","291700.00","--","--","--","291700.00","0.00","0.00","0.00","7.29"
"115/08/21","115","2","7819","精誠金融","641177.00","132426.00","773603.00","156779.00","21695.00","178474.00","252635.00","--","215882.00","126612.00","--","--","--","--","--","--","595129.00","--","0.00","0.00","23.56"
"115/08/21","115","2","7820","立盈","1079338.00","800346.00","1879684.00","151024.00","486241.00","637265.00","377681.00","--","718890.00","145848.00","--","--","--","--","--","--","1242419.00","0.00","0.00","0.00","32.90"
"115/08/21","115","2","7828","創新服務","4336263.00","1440821.00","5777084.00","584619.00","24695.00","609314.00","404939.00","--","4449568.00","312272.00","991.00","--","5167770.00","--","--","--","5167770.00","0.00","0.00","0.00","127.62"
"115/08/21","115","2","7839","達人網","295112.00","16656.00","311768.00","73467.00","1889.00","75356.00","150960.00","--","61734.00","23955.00","-237.00","--","236412.00","--","--","--","236412.00","0.00","0.00","0.00","15.66"
"115/08/21","115","2","7842","天能綠電","1369864.00","130504.00","1500368.00","604449.00","49313.00","653762.00","182500.00","--","591480.00","72626.00","--","--","846606.00","--","--","--","846606.00","0.00","0.00","0.00","46.39"
"115/08/21","115","2","8024","佑華","301022.00","129559.00","430581.00","25581.00","12679.00","38260.00","451601.00","--","0.00","-57570.00","-1710.00","--","392321.00","--","--","--","392321.00","--","0.00","0.00","8.69"
"115/08/21","115","2","8027","鈦昇","2510164.00","1955601.00","4465765.00","858004.00","711830.00","1569834.00","1124568.00","--","2023302.00","-51138.00","-17160.00","-197697.00","2881875.00","--","--","14056.00","2895931.00","--","0.00","2823000.00","26.95"
"115/08/21","115","2","8032","光菱","2848014.00","1082037.00","3930051.00","1594319.00","136661.00","1730980.00","518103.00","--","51534.00","1335319.00","291543.00","--","2196499.00","--","--","2572.00","2199071.00","--","0.00","0.00","42.40"
"115/08/21","115","2","8034","榮群","786584.00","54597.00","841181.00","157170.00","14245.00","171415.00","565863.00","--","14920.00","103607.00","-9570.00","-5054.00","669766.00","--","--","--","669766.00","0.00","0.00","354057.00","11.91"
"115/08/21","115","2","8038","長園科","842888.00","586852.00","1429740.00","583016.00","218271.00","801287.00","622782.00","--","142582.00","-282464.00","-45.00","0.00","482855.00","--","--","145598.00","628453.00","0.00","0.00","0.00","7.75"
"115/08/21","115","2","8040","九暘","2327179.00","348849.00","2676028.00","174691.00","20789.00","195480.00","964139.00","--","1538222.00","-21813.00","0.00","--","--","--","--","--","2480548.00","0.00","0.00","0.00","25.73"
"115/08/21","115","2","8042","金山電","5779168.00","4358830.00","10137998.00","3665197.00","1828583.00","5493780.00","1314800.00","--","1238477.00","1811260.00","190225.00","--","4554762.00","--","--","89456.00","4644218.00","0.00","2017405.00","0.00","34.64"
"115/08/21","115","2","8043","蜜望實","5227186.00","448316.00","5675502.00","2728261.00","107661.00","2835922.00","799072.00","--","316897.00","1739994.00","-16383.00","--","2839580.00","--","--","--","2839580.00","0.00","0.00","0.00","35.54"
"115/08/21","115","2","8044","網家","15917909.00","16311972.00","32229881.00","16016813.00","7485988.00","23502801.00","2047681.00","--","6390741.00","-1179134.00","-609216.00","-133140.00","6516932.00","--","--","2210148.00","8727080.00","0.00","0.00","1900000.00","32.12"
"115/08/21","115","2","8047","星雲","720410.00","1747769.00","2468179.00","1084581.00","7467.00","1092048.00","416663.00","--","8839.00","-33601.00","-6132.00","--","385769.00","--","--","990362.00","1376131.00","0.00","0.00","0.00","9.26"
"115/08/21","115","2","8048","德勝","1377047.00","289468.00","1666515.00","482387.00","7054.00","489441.00","594369.00","--","45572.00","541812.00","-4679.00","0.00","1177074.00","--","--","--","1177074.00","--","0.00","0.00","20.40"
"115/08/21","115","2","8049","晶采","1480789.00","1642034.00","3122823.00","466430.00","72212.00","538642.00","1182798.00","--","31471.00","729873.00","640039.00","0.00","2584181.00","--","--","0.00","2584181.00","0.00","0.00","0.00","21.85"
"115/08/21","115","2","8050","廣積","7429317.00","7382204.00","14811521.00","3411291.00","3217449.00","6628740.00","2052049.00","--","2575144.00","2448246.00","530834.00","-118580.00","7487693.00","--","--","695088.00","8182781.00","--","0.00","3000000.00","37.03"
"115/08/21","115","2","8054","安國","4832521.00","3610604.00","8443125.00","4041994.00","63143.00","4105137.00","1062326.00","--","1664239.00","-24716.00","-127480.00","--","2574369.00","--","--","1763619.00","4337988.00","--","0.00","0.00","24.23"
"115/08/21","115","2","8059","凱碩","7422367.00","1388074.00","8810441.00","7354897.00","102753.00","7457650.00","1164663.00","--","10205.00","-137461.00","-7520.00","--","1029887.00","--","--","322904.00","1352791.00","--","35000.00","0.00","8.84"
"115/08/21","115","2","8064","東捷","4829970.00","1675209.00","6505179.00","1603438.00","450674.00","2054112.00","1848178.00","--","1284780.00","932528.00","160617.00","--","4226103.00","--","--","224964.00","4451067.00","--","0.00","0.00","22.87"
"115/08/21","115","2","8066","來思達","1153560.00","431330.00","1584890.00","830206.00","129908.00","960114.00","366423.00","--","94877.00","75269.00","12076.00","--","548645.00","--","--","76131.00","624776.00","--","0.00","0.00","14.97"
"115/08/21","115","2","8067","志旭","233594.00","135868.00","369462.00","188910.00","35144.00","224054.00","207000.00","--","10899.00","-75827.00","3336.00","--","145408.00","--","--","--","145408.00","--","0.00","0.00","7.02"
"115/08/21","115","2","8068","全達","1056541.00","1074238.00","2130779.00","828441.00","114594.00","943035.00","807659.00","--","4101.00","221307.00","76366.00","--","1109433.00","--","--","78311.00","1187744.00","--","0.00","0.00","13.74"
"115/08/21","115","2","8069","元太","38873586.00","82060061.00","120933647.00","25097219.00","18821874.00","43919093.00","11563994.00","--","12087784.00","31684901.00","20414177.00","--","75750856.00","--","--","1263698.00","77014554.00","--","317825.00","0.00","65.60"
"115/08/21","115","2","8071","能率網通","1564923.00","1238469.00","2803392.00","1211230.00","554239.00","1765469.00","600843.00","--","282085.00","-101438.00","-1819.00","--","779671.00","0.00","--","258252.00","1037923.00","--","0.00","0.00","12.98"
"115/08/21","115","2","8074","鉅橡","2186395.00","1909439.00","4095834.00","803980.00","1196787.00","2000767.00","869745.00","--","679099.00","501500.00","-14233.00","--","2036111.00","--","--","58956.00","2095067.00","--","0.00","0.00","23.41"
"115/08/21","115","2","8076","伍豐","2529500.00","3768984.00","6298484.00","1868375.00","640826.00","2509201.00","2922136.00","--","578657.00","1193976.00","-968954.00","0.00","3725815.00","--","--","63468.00","3789283.00","--","0.00","0.00","12.75"
"115/08/21","115","2","8077","洛��","469841.00","2028952.00","2498793.00","711736.00","1259614.00","1971350.00","219457.00","--","45507.00","262479.00","--","--","--","--","--","--","527443.00","--","0.00","0.00","24.03"
"115/08/21","115","2","8080","泰霖","1030840.00","109241.00","1140081.00","516809.00","69685.00","586494.00","671639.00","--","0.00","-85605.00","-32447.00","--","553587.00","--","--","--","553587.00","--","0.00","0.00","8.24"
"115/08/21","115","2","8083","瑞穎","1159276.00","711416.00","1870692.00","773352.00","731.00","774083.00","351332.00","--","215705.00","529572.00","0.00","--","--","--","--","--","1096609.00","0.00","0.00","0.00","31.21"
"115/08/21","115","2","8084","巨虹","1260628.00","895904.00","2156532.00","264039.00","410023.00","674062.00","695142.00","--","20460.00","-206587.00","565.00","--","509580.00","--","--","972890.00","1482470.00","0.00","0.00","0.00","7.33"
"115/08/21","115","2","8085","福華","1331964.00","1180343.00","2512307.00","256166.00","1100497.00","1356663.00","1399830.00","0.00","48716.00","-219772.00","-73130.00","0.00","1155644.00","0.00","--","0.00","1155644.00","--","0.00","0.00","8.26"
"115/08/21","115","2","8086","宏捷科","5985204.00","4801042.00","10786246.00","1843368.00","464974.00","2308342.00","1965161.00","--","4140631.00","2372112.00","--","--","--","--","--","--","8477904.00","0.00","0.00","0.00","43.14"
"115/08/21","115","2","8087","麗升能源","1550843.00","733037.00","2283880.00","1283667.00","235679.00","1519346.00","386691.00","--","334877.00","76783.00","-5136.00","-28681.00","764534.00","--","--","0.00","764534.00","0.00","0.00","800000.00","20.19"
"115/08/21","115","2","8088","品安","1094313.00","451021.00","1545334.00","428658.00","349.00","429007.00","609217.00","--","177777.00","309936.00","19397.00","0.00","--","--","--","--","1116327.00","0.00","0.00","0.00","18.32"
"115/08/21","115","2","8089","康全電訊","1070048.00","372481.00","1442529.00","258200.00","186224.00","444424.00","659987.00","--","251154.00","39655.00","47309.00","--","998105.00","--","--","--","998105.00","--","0.00","0.00","15.12"
"115/08/21","115","2","8091","翔名","3197869.00","2449787.00","5647656.00","1307725.00","100422.00","1408147.00","559862.00","--","2246051.00","1372253.00","21125.00","0.00","4199291.00","--","--","40218.00","4239509.00","--","2377768.00","0.00","75.01"
"115/08/21","115","2","8092","建暐","475644.00","379789.00","855433.00","271215.00","44890.00","316105.00","571723.00","--","159862.00","-191189.00","-1118.00","--","539278.00","--","--","50.00","539328.00","0.00","0.00","0.00","9.43"
"115/08/21","115","2","8093","保銳","423158.00","213175.00","636333.00","84585.00","1561.00","86146.00","565676.00","--","160480.00","-165905.00","-11670.00","--","548581.00","--","--","1606.00","550187.00","0.00","0.00","0.00","9.70"
"115/08/21","115","2","8096","擎亞","25634418.00","763577.00","26397995.00","22427786.00","868857.00","23296643.00","1493431.00","--","804947.00","758755.00","44219.00","--","3101352.00","--","--","--","3101352.00","0.00","0.00","0.00","20.77"
"115/08/21","115","2","8097","常珵","735514.00","722619.00","1458133.00","440844.00","76077.00","516921.00","638025.00","--","594915.00","-24647.00","16646.00","-283727.00","941212.00","--","--","0.00","941212.00","0.00","0.00","4679000.00","15.92"
"115/08/21","115","2","8099","大世科","3306098.00","466203.00","3772301.00","1989340.00","148789.00","2138129.00","1000728.00","--","81529.00","556002.00","-4087.00","--","1634172.00","--","--","--","1634172.00","--","0.00","0.00","16.33"
"115/08/21","115","2","8102","傑霖科技","375572.00","155021.00","530593.00","77803.00","24527.00","102330.00","233584.00","--","107087.00","88037.00","-445.00","--","428263.00","--","--","--","428263.00","0.00","0.00","0.00","18.33"
"115/08/21","115","2","8107","大億金茂","841636.00","2132324.00","2973960.00","670362.00","717964.00","1388326.00","750000.00","--","70161.00","678629.00","86844.00","--","1585634.00","--","--","0.00","1585634.00","0.00","0.00","0.00","21.14"
"115/08/21","115","2","8109","博大","2375794.00","1515304.00","3891098.00","571810.00","319632.00","891442.00","821612.00","--","334259.00","2022052.00","-95789.00","-82478.00","2999656.00","--","--","0.00","2999656.00","0.00","0.00","788000.00","36.86"
"115/08/21","115","2","8111","立��","1452615.00","725472.00","2178087.00","306116.00","486863.00","792979.00","1091022.00","--","39540.00","246617.00","4982.00","0.00","1382161.00","0.00","--","2947.00","1385108.00","0.00","0.00","0.00","12.67"
"115/08/21","115","2","8121","越峰","2600927.00","3073707.00","5674634.00","929744.00","2005004.00","2934748.00","2129937.00","--","54.00","-85984.00","-21363.00","--","2022644.00","--","--","717242.00","2739886.00","--","0.00","0.00","9.50"
"115/08/21","115","2","8147","正淩","1513829.00","1222869.00","2736698.00","968406.00","292817.00","1261223.00","418172.00","--","841898.00","208613.00","1357.00","0.00","1470040.00","0.00","--","5435.00","1475475.00","0.00","182500.00","0.00","35.15"
"115/08/21","115","2","8155","博智","4844515.00","1980139.00","6824654.00","2623322.00","209158.00","2832480.00","623677.00","--","1620164.00","1592635.00","4572.00","0.00","3841048.00","--","--","151126.00","3992174.00","0.00","0.00","0.00","61.59"
"115/08/21","115","2","8171","天宇","1234581.00","2489620.00","3724201.00","566467.00","897167.00","1463634.00","1128533.00","--","835793.00","-65989.00","-96.00","-45833.00","1852408.00","--","--","408159.00","2260567.00","0.00","0.00","1114000.00","16.58"
"115/08/21","115","2","8176","智捷","597662.00","180670.00","778332.00","148579.00","26714.00","175293.00","717010.00","--","422.00","-98846.00","-3681.00","-26080.00","588825.00","--","--","14214.00","603039.00","0.00","0.00","2475196.00","8.51"
"115/08/21","115","2","8182","加高","3096343.00","2549414.00","5645757.00","1271204.00","774031.00","2045235.00","1070412.00","--","749262.00","1748837.00","22799.00","--","3591310.00","--","--","9212.00","3600522.00","0.00","0.00","0.00","33.55"
"115/08/21","115","2","8183","精星","6903389.00","2448950.00","9352339.00","4982610.00","160931.00","5143541.00","1212511.00","--","231854.00","2314384.00","484154.00","-34105.00","4208798.00","--","--","--","4208798.00","--","0.00","500000.00","34.86"
"115/08/21","115","2","8227","巨有科技","1722939.00","192606.00","1915545.00","704034.00","11633.00","715667.00","395430.00","--","575066.00","228968.00","414.00","--","1199878.00","--","--","--","1199878.00","--","0.00","0.00","30.34"
"115/08/21","115","2","8234","新漢","4623677.00","2529380.00","7153057.00","3650488.00","410375.00","4060863.00","1412265.00","--","388712.00","1258494.00","-33938.00","--","3025533.00","--","--","66661.00","3092194.00","0.00","0.00","0.00","21.42"
"115/08/21","115","2","8240","華宏","5131712.00","2845313.00","7977025.00","2403561.00","668325.00","3071886.00","1000044.00","--","1994505.00","1793917.00","4575.00","--","4793041.00","--","--","112098.00","4905139.00","--","0.00","0.00","47.93"
"115/08/21","115","2","8255","朋程","5323895.00","12094213.00","17418108.00","4783803.00","1292245.00","6076048.00","1019395.00","--","3440066.00","3082968.00","1645683.00","--","9188112.00","--","--","2153948.00","11342060.00","--","0.00","0.00","90.13"
"115/08/21","115","2","8272","全景軟體","840436.00","12677.00","853113.00","260522.00","2349.00","262871.00","189978.00","--","149476.00","250788.00","--","--","--","--","--","--","590242.00","--","0.00","0.00","31.07"
"115/08/21","115","2","8277","商丞","154705.00","311131.00","465836.00","29578.00","1469.00","31047.00","916288.00","--","60698.00","-532638.00","-9559.00","0.00","434789.00","0.00","--","0.00","434789.00","0.00","0.00","0.00","4.75"
"115/08/21","115","2","8279","生展","1271929.00","1888639.00","3160568.00","668773.00","150615.00","819388.00","271009.00","--","618454.00","1447911.00","3806.00","--","2341180.00","--","--","--","2341180.00","0.00","0.00","0.00","86.39"
"115/08/21","115","2","8284","三竹","1707571.00","534087.00","2241658.00","890142.00","15991.00","906133.00","471559.00","--","296410.00","609791.00","-42235.00","--","1335525.00","--","--","--","1335525.00","34000.00","0.00","0.00","28.23"
"115/08/21","115","2","8289","泰藝","1652224.00","912393.00","2564617.00","592276.00","330154.00","922430.00","683338.00","--","387846.00","589450.00","-18447.00","0.00","1642187.00","--","--","--","1642187.00","0.00","0.00","0.00","24.03"
"115/08/21","115","2","8291","尚茂","140666.00","212036.00","352702.00","272210.00","22405.00","294615.00","174784.00","--","118.00","-116815.00","--","--","--","--","--","--","58087.00","--","0.00","0.00","3.32"
"115/08/21","115","2","8299","群聯","167941161.00","25775757.00","193716918.00","65116621.00","26528081.00","91644702.00","2211653.00","--","23093197.00","76795065.00","-41105.00","--","102058810.00","--","--","13406.00","102072216.00","0.00","79500.00","0.00","461.46"
"115/08/21","115","2","8342","益張","1107504.00","762711.00","1870215.00","673254.00","141020.00","814274.00","335367.00","--","43601.00","664636.00","-19355.00","--","1024249.00","--","--","31692.00","1055941.00","--","0.00","0.00","30.54"
"115/08/21","115","2","8349","�矬ㄟ篕�","11542518.00","14087854.00","25630372.00","9827612.00","7254247.00","17081859.00","2188214.00","--","3657733.00","1894017.00","-56743.00","-214545.00","7468676.00","--","--","1079837.00","8548513.00","--","0.00","4894000.00","34.91"
"115/08/21","115","2","8354","冠好","2383095.00","1932166.00","4315261.00","1927893.00","199295.00","2127188.00","785323.00","--","58939.00","1306587.00","37224.00","--","2188073.00","--","--","--","2188073.00","0.00","0.00","0.00","27.86"
"115/08/21","115","2","8358","金居","5633642.00","6732020.00","12365662.00","3054913.00","10166.00","3065079.00","2525880.00","--","1571196.00","3728843.00","1479976.00","-5312.00","9300583.00","--","--","--","9300583.00","--","0.00","97000.00","36.84"
"115/08/21","115","2","8383","千附","3531250.00","3678017.00","7209267.00","1922156.00","770503.00","2692659.00","1137605.00","--","1233393.00","1439487.00","30978.00","-31717.00","3809746.00","--","--","706862.00","4516608.00","--","0.00","951759.00","33.77"
"115/08/21","115","2","8390","金益鼎","3576622.00","1523105.00","5099727.00","1058925.00","37484.00","1096409.00","961161.00","--","789204.00","1997430.00","24895.00","--","3772690.00","--","--","230628.00","4003318.00","0.00","0.00","0.00","39.25"
"115/08/21","115","2","8401","白紗科","783600.00","1223278.00","2006878.00","296336.00","505474.00","801810.00","706690.00","--","158246.00","340132.00","0.00","--","--","--","--","--","1205068.00","0.00","0.00","0.00","17.05"
"115/08/21","115","2","8403","盛弘","3109608.00","3431029.00","6540637.00","1622270.00","1221430.00","2843700.00","1376404.00","--","1133860.00","843964.00","-54999.00","--","3299229.00","--","--","397708.00","3696937.00","0.00","0.00","0.00","23.97"
"115/08/21","115","2","8409","商之器","182005.00","240349.00","422354.00","115577.00","6570.00","122147.00","320000.00","--","72427.00","-83522.00","-8698.00","--","300207.00","--","--","--","300207.00","--","0.00","0.00","9.38"
"115/08/21","115","2","8410","森田","1479088.00","818372.00","2297460.00","260500.00","192055.00","452555.00","365892.00","--","324441.00","1154572.00","0.00","0.00","--","--","--","--","1844905.00","0.00","0.00","0.00","50.42"
"115/08/21","115","2","8415","大國鋼","23605430.00","24900304.00","48505734.00","12128740.00","5038279.00","17167019.00","10315000.00","--","3858578.00","12947161.00","1740253.00","-301436.00","28559556.00","--","--","2779159.00","31338715.00","--","0.00","28505000.00","28.47"
"115/08/21","115","2","8416","實威","1176476.00","1044236.00","2220712.00","562264.00","36703.00","598967.00","282107.00","--","132625.00","1193550.00","13463.00","--","1621745.00","--","--","--","1621745.00","0.00","0.00","0.00","57.49"
"115/08/21","115","2","8421","旭源","998592.00","988469.00","1987061.00","685598.00","529722.00","1215320.00","548171.00","--","89343.00","205556.00","-93392.00","-19455.00","730223.00","--","--","41518.00","771741.00","0.00","0.00","1270000.00","13.64"
"115/08/21","115","2","8424","惠普","616695.00","740348.00","1357043.00","227796.00","22752.00","250548.00","360544.00","--","62237.00","683714.00","--","--","1106495.00","--","--","--","1106495.00","--","0.00","0.00","30.69"
"115/08/21","115","2","8431","匯鑽科","1091035.00","1253725.00","2344760.00","612590.00","920504.00","1533094.00","487783.00","--","360204.00","-88299.00","1266.00","-83793.00","677161.00","--","--","134505.00","811666.00","--","0.00","1523000.00","14.33"
"115/08/21","115","2","8432","東生華","1488496.00","537464.00","2025960.00","343616.00","5043.00","348659.00","383981.00","--","459685.00","565544.00","5779.00","--","1414989.00","0.00","--","262312.00","1677301.00","--","0.00","0.00","36.85"
"115/08/21","115","2","8433","弘帆","2220151.00","2408187.00","4628338.00","1914107.00","341051.00","2255158.00","545062.00","--","320813.00","1434513.00","72792.00","--","2373180.00","--","--","--","2373180.00","--","0.00","0.00","43.54"
"115/08/21","115","2","8435","鉅邁","1015175.00","392241.00","1407416.00","334518.00","58999.00","393517.00","352004.00","--","227996.00","368925.00","-8815.00","--","940110.00","--","--","73789.00","1013899.00","0.00","0.00","0.00","26.71"
"115/08/21","115","2","8436","大江","7657144.00","6530878.00","14188022.00","4511026.00","695510.00","5206536.00","1177288.00","--","2458930.00","4445635.00","31500.00","-445277.00","7668076.00","--","--","1313410.00","8981486.00","0.00","0.00","7546000.00","69.59"
"115/08/21","115","2","8440","綠電","379738.00","512248.00","891986.00","167181.00","58587.00","225768.00","502553.00","--","1496.00","162169.00","--","--","666218.00","--","--","--","666218.00","0.00","0.00","0.00","13.26"
"115/08/21","115","2","8446","華研","1603379.00","1335952.00","2939331.00","846636.00","81457.00","928093.00","529144.00","--","246100.00","1240899.00","-3672.00","--","2012471.00","--","--","-1233.00","2011238.00","0.00","0.00","0.00","38.03"
"115/08/21","115","2","8450","霹靂","353100.00","591173.00","944273.00","242530.00","289787.00","532317.00","513099.00","--","93231.00","-14431.00","-183808.00","--","408091.00","--","--","3865.00","411956.00","0.00","0.00","0.00","7.95"
"115/08/21","115","2","8472","納維康","318233.00","675963.00","994196.00","498951.00","236397.00","735348.00","177358.00","--","92872.00","-11674.00","292.00","--","258848.00","--","--","--","258848.00","--","0.00","0.00","14.59"
"115/08/21","115","2","8477","創業家","836803.00","175352.00","1012155.00","269083.00","16109.00","285192.00","841706.00","--","50828.00","-276781.00","91943.00","--","707696.00","--","--","19267.00","726963.00","--","0.00","0.00","8.41"
"115/08/21","115","2","8489","三貝德","1655454.00","2192477.00","3847931.00","1370344.00","1090777.00","2461121.00","599491.00","--","273794.00","78330.00","67.00","0.00","951682.00","--","--","435128.00","1386810.00","--","0.00","0.00","15.87"
"115/08/21","115","2","8905","裕國","1800653.00","1892079.00","3692732.00","734840.00","216279.00","951119.00","1194400.00","--","210373.00","1310007.00","63236.00","-36820.00","2741196.00","--","--","417.00","2741613.00","--","0.00","4123000.00","23.77"
"115/08/21","115","2","8906","花王","188623.00","3227968.00","3416591.00","377868.00","2572039.00","2949907.00","440374.00","--","56698.00","-52359.00","75810.00","-53839.00","466684.00","--","--","--","466684.00","--","0.00","1887203.00","11.07"
"115/08/21","115","2","8908","欣雄","5168179.00","6834836.00","12003015.00","3780544.00","4080555.00","7861099.00","3247645.00","--","3038.00","1101952.00","-86830.00","-223254.00","4042551.00","--","--","99365.00","4141916.00","--","0.00","5414000.00","13.04"
"115/08/21","115","2","8916","光隆","4970801.00","5434942.00","10405743.00","4328089.00","1019053.00","5347142.00","1506251.00","--","2163840.00","1746547.00","-293635.00","-84740.00","5038263.00","--","--","20338.00","5058601.00","--","0.00","1784000.00","33.85"
"115/08/21","115","2","8917","欣泰","2858638.00","3296377.00","6155015.00","1899002.00","1623827.00","3522829.00","1626524.00","--","--","977197.00","28465.00","--","--","--","--","--","2632186.00","--","0.00","0.00","16.18"
"115/08/21","115","2","8921","沈氏","337914.00","1731235.00","2069149.00","237988.00","583869.00","821857.00","465922.00","--","252343.00","61806.00","359143.00","--","1139214.00","--","--","108078.00","1247292.00","0.00","0.00","0.00","24.45"
"115/08/21","115","2","8923","時報","621355.00","299005.00","920360.00","428370.00","48858.00","477228.00","303758.00","--","12800.00","135314.00","-8740.00","--","443132.00","--","--","--","443132.00","0.00","0.00","0.00","14.59"
"115/08/21","115","2","8924","大田","3637701.00","1776063.00","5413764.00","1327853.00","183444.00","1511297.00","838000.00","--","101239.00","2690039.00","273189.00","--","3902467.00","--","--","--","3902467.00","--","0.00","0.00","46.57"
"115/08/21","115","2","8927","北基","5979711.00","27180877.00","33160588.00","9466091.00","15000340.00","24466431.00","4190683.00","--","1056266.00","409711.00","-62940.00","0.00","5593720.00","--","--","3100437.00","8694157.00","0.00","0.00","0.00","13.35"
"115/08/21","115","2","8928","鉅明","1310239.00","1691311.00","3001550.00","1176316.00","732260.00","1908576.00","508540.00","--","164.00","604715.00","-20445.00","0.00","1092974.00","0.00","--","0.00","1092974.00","0.00","0.00","0.00","21.49"
"115/08/21","115","2","8929","富堡","929645.00","400651.00","1330296.00","401999.00","108282.00","510281.00","505809.00","--","216198.00","48989.00","34971.00","--","805967.00","--","--","14048.00","820015.00","0.00","0.00","0.00","15.93"
"115/08/21","115","2","8930","青鋼","1081491.00","1018644.00","2100135.00","244120.00","475870.00","719990.00","818094.00","--","132386.00","477599.00","0.00","-47934.00","--","--","--","--","1380145.00","--","0.00","1522000.00","17.19"
"115/08/21","115","2","8931","大汽電","726159.00","4466655.00","5192814.00","1067397.00","2150029.00","3217426.00","1222549.00","--","0.00","811104.00","-58265.00","--","--","--","--","--","1975388.00","--","0.00","0.00","16.16"
"115/08/21","115","2","8932","智通*","2760940.00","1219648.00","3980588.00","1100052.00","393501.00","1493553.00","1065033.00","--","681851.00","895891.00","60862.00","-248408.00","2455229.00","--","--","31806.00","2487035.00","--","0.00","3832000.00","6.93"
"115/08/21","115","2","8933","愛地雅","2656120.00","1269477.00","3925597.00","1939643.00","451880.00","2391523.00","3267243.00","--","102317.00","-1825196.00","-10290.00","--","1534074.00","--","--","--","1534074.00","--","0.00","0.00","4.70"
"115/08/21","115","2","8935","邦泰","578095.00","864150.00","1442245.00","327556.00","248123.00","575679.00","1134950.00","--","0.00","-239324.00","-29060.00","--","866566.00","--","--","--","866566.00","--","0.00","0.00","7.64"
"115/08/21","115","2","8936","國統","6897417.00","7585630.00","14483047.00","3766316.00","2567066.00","6333382.00","2480782.00","--","1450428.00","2572408.00","-169726.00","--","6333892.00","--","--","1815773.00","8149665.00","0.00","0.00","0.00","25.53"
"115/08/21","115","2","8937","合騏*","590139.00","5448208.00","6038347.00","3127395.00","143370.00","3270765.00","1079201.00","--","1703320.00","-114822.00","-27865.00","-259642.00","2380192.00","--","--","387390.00","2767582.00","--","0.00","1735000.00","5.54"
"115/08/21","115","2","8938","明安","7051694.00","5820532.00","12872226.00","3479786.00","1717511.00","5197297.00","1569865.00","--","2201860.00","4072492.00","31632.00","-200920.00","7674929.00","--","--","--","7674929.00","0.00","0.00","2629000.00","49.72"
"115/08/21","115","2","8941","關中","1327790.00","919893.00","2247683.00","943934.00","240707.00","1184641.00","349721.00","--","58692.00","318422.00","273992.00","--","1000827.00","--","--","62215.00","1063042.00","--","0.00","0.00","28.62"
"115/08/21","115","2","8942","森鉅","5019306.00","10923917.00","15943223.00","3319713.00","1235826.00","4555539.00","1988423.00","--","2468695.00","5790538.00","32680.00","--","10280336.00","--","--","1107348.00","11387684.00","--","0.00","0.00","51.70"
"115/08/21","115","2","9949","琉園","432948.00","116984.00","549932.00","32186.00","18260.00","50446.00","448608.00","--","16465.00","32096.00","2317.00","--","499486.00","--","--","0.00","499486.00","--","0.00","0.00","11.13"
"115/08/21","115","2","9950","萬國通","1420687.00","2699921.00","4120608.00","1096436.00","1607852.00","2704288.00","1677160.00","--","29442.00","-293233.00","2951.00","--","1416320.00","--","--","0.00","1416320.00","--","0.00","0.00","8.44"
"115/08/21","115","2","9951","皇田","4656340.00","1741748.00","6398088.00","2362930.00","224153.00","2587083.00","733000.00","--","0.00","3045497.00","108074.00","-75566.00","3811005.00","--","--","--","3811005.00","0.00","0.00","1425000.00","53.02"
"115/08/21","115","2","9960","邁達康","717207.00","388403.00","1105610.00","255100.00","144002.00","399102.00","335925.00","--","35138.00","241682.00","93763.00","--","706508.00","--","--","--","706508.00","--","0.00","0.00","21.03"
"115/08/21","115","2","9962","有益","1087739.00","412872.00","1500611.00","418403.00","7280.00","425683.00","902203.00","--","8385.00","172599.00","-8259.00","--","1074928.00","--","--","0.00","1074928.00","0.00","0.00","0.00","11.91"
