出表日期,年度,季別,公司代號,公司名稱,營業活動之淨現金流入（流出）,投資活動之淨現金流入（流出）,籌資活動之淨現金流入（流出）,匯率變動對現金及約當現金之影響,本期現金及約當現金增加（減少）數,期初現金及約當現金餘額,期末現金及約當現金餘額
"115/10/09","115","1","1101","台泥","3358179.00","4029757.00","-892488.00","383869.00","6879317.00","90165009.00","97044326.00"
"115/10/09","115","1","1102","亞泥","1751457.00","935149.00","-638600.00","206489.00","2254495.00","12981458.00","15235953.00"
"115/10/09","115","1","1103","嘉泥","159842.00","-235190.00","151130.00","19903.00","95685.00","1875061.00","1970746.00"
"115/10/09","115","1","1104","環泥","342188.00","-210794.00","-223235.00","1148.00","-90693.00","1727996.00","1637303.00"
"115/10/09","115","1","1108","幸福","85790.00","-12403.00","-55630.00","--","17757.00","281232.00","298989.00"
"115/10/09","115","1","1109","信大","-5125.00","-264559.00","-2376.00","32521.00","-239539.00","2360669.00","2121130.00"
"115/10/09","115","1","1110","東泥","351028.00","-150521.00","-416413.00","--","-215906.00","618253.00","402347.00"
"115/10/09","115","1","1201","味全","2747.00","-459558.00","737601.00","20586.00","301376.00","963800.00","1265176.00"
"115/10/09","115","1","1203","味王","366551.00","-68030.00","-25673.00","-34924.00","237924.00","2188536.00","2426460.00"
"115/10/09","115","1","1210","大成","2047783.00","-3034086.00","-902409.00","240247.00","-1648465.00","8709608.00","7061143.00"
"115/10/09","115","1","1213","大飲","5984.00","-28385.00","-3746.00","141.00","-26006.00","45065.00","19059.00"
"115/10/09","115","1","1215","卜蜂","945624.00","-1590271.00","706192.00","79.00","61624.00","301893.00","363517.00"
"115/10/09","115","1","1216","統一","12205671.00","-11053120.00","2739703.00","298534.00","4190788.00","103180043.00","107370831.00"
"115/10/09","115","1","1217","愛之味","-73778.00","-7139.00","-36529.00","-11807.00","-129253.00","612023.00","482770.00"
"115/10/09","115","1","1218","泰山","377524.00","-201707.00","-3016.00","10618.00","183419.00","700264.00","883683.00"
"115/10/09","115","1","1219","福壽","206580.00","-38674.00","-81349.00","103.00","86660.00","808417.00","895077.00"
"115/10/09","115","1","1220","台榮","132459.00","-79899.00","-21.00","0.00","52539.00","309593.00","362132.00"
"115/10/09","115","1","1225","福懋油","460564.00","-9372.00","-245263.00","3091.00","209020.00","1165346.00","1374366.00"
"115/10/09","115","1","1227","佳格","416505.00","-388127.00","-100906.00","60340.00","-12188.00","2676699.00","2664511.00"
"115/10/09","115","1","1229","聯華","844179.00","-666307.00","-475029.00","65312.00","-231845.00","5379898.00","5148053.00"
"115/10/09","115","1","1231","聯華食","-939.00","-408547.00","471559.00","2556.00","64629.00","472877.00","537506.00"
"115/10/09","115","1","1232","大統益","833593.00","-107240.00","4202.00","--","730555.00","2689951.00","3420506.00"
"115/10/09","115","1","1233","天仁","54884.00","-12789.00","-18725.00","9.00","23379.00","154735.00","178114.00"
"115/10/09","115","1","1234","黑松","469527.00","-170335.00","-105613.00","7741.00","201320.00","1207454.00","1408774.00"
"115/10/09","115","1","1235","興泰","-10162.00","176120.00","-162089.00","--","3869.00","85895.00","89764.00"
"115/10/09","115","1","1236","宏亞","62072.00","55947.00","-117345.00","--","674.00","36996.00","37670.00"
"115/10/09","115","1","1256","鮮活果汁-KY","107348.00","140365.00","29044.00","56042.00","332799.00","656916.00","989715.00"
"115/10/09","115","1","1301","台塑","1178822.00","-3867473.00","1882459.00","372064.00","-434128.00","10631822.00","10197694.00"
"115/10/09","115","1","1303","南亞","158451.00","-7733111.00","1175952.00","3080077.00","-3318631.00","46149879.00","42831248.00"
"115/10/09","115","1","1304","台聚","583710.00","-519474.00","1067862.00","96167.00","1228265.00","3897651.00","5125916.00"
"115/10/09","115","1","1305","華夏","330773.00","-620567.00","981034.00","97.00","691337.00","512420.00","1203757.00"
"115/10/09","115","1","1307","三芳","51391.00","457301.00","-139756.00","103067.00","472003.00","3577125.00","4049128.00"
"115/10/09","115","1","1308","亞聚","185198.00","47094.00","-100494.00","4161.00","135959.00","590455.00","726414.00"
"115/10/09","115","1","1309","台達化","-266691.00","73082.00","299009.00","142.00","105542.00","669196.00","774738.00"
"115/10/09","115","1","1310","台苯","-65334.00","-12569.00","-53016.00","35.00","-130884.00","568522.00","437638.00"
"115/10/09","115","1","1312","國喬","-2347831.00","-608411.00","1337700.00","347817.00","-1270725.00","8331891.00","7061166.00"
"115/10/09","115","1","1313","聯成","-940768.00","-190327.00","937669.00","6050.00","-187376.00","3174614.00","2987238.00"
"115/10/09","115","1","1314","中石化","-142286.00","1287758.00","-1550463.00","-49599.00","-454590.00","1822499.00","1367909.00"
"115/10/09","115","1","1315","達新","135097.00","-280646.00","-1960.00","8455.00","-139054.00","2383997.00","2244943.00"
"115/10/09","115","1","1316","上曜","-566493.00","-149657.00","266741.00","-57.00","-449466.00","2907472.00","2458006.00"
"115/10/09","115","1","1319","東陽","2371166.00","-446155.00","-581433.00","40007.00","1383585.00","2661707.00","4045292.00"
"115/10/09","115","1","1321","大洋","-62229.00","-21856.00","70345.00","5761.00","-7979.00","438417.00","430438.00"
"115/10/09","115","1","1323","永裕","32371.00","-23014.00","-51403.00","45898.00","3852.00","946860.00","950712.00"
"115/10/09","115","1","1324","地球","16911.00","-1212.00","-1906.00","1296.00","15089.00","219749.00","234838.00"
"115/10/09","115","1","1325","恆大","25.00","-9460.00","-11.00","2803.00","-6643.00","368024.00","361381.00"
"115/10/09","115","1","1326","台化","-1527116.00","-3297911.00","3944589.00","488341.00","-392097.00","17194155.00","16802058.00"
"115/10/09","115","1","1337","再生-KY","-22364.00","-274792.00","-19825.00","67082.00","-249899.00","1499367.00","1249468.00"
"115/10/09","115","1","1338","廣華-KY","56947.00","-62664.00","260101.00","36564.00","290948.00","2057375.00","2348323.00"
"115/10/09","115","1","1339","昭輝","256532.00","-128875.00","-42835.00","7734.00","92556.00","613253.00","705809.00"
"115/10/09","115","1","1340","勝悅-KY","10877.00","-84107.00","38336.00","24139.00","-10755.00","555802.00","545047.00"
"115/10/09","115","1","1341","富林-KY","50432.00","107233.00","-210913.00","3374.00","-49874.00","423486.00","373612.00"
"115/10/09","115","1","1342","八貫","86007.00","-39361.00","-2276.00","--","44370.00","357751.00","402121.00"
"115/10/09","115","1","1402","遠東新","7539694.00","-1646992.00","1535859.00","535665.00","7964226.00","39184652.00","47148878.00"
"115/10/09","115","1","1410","南染","4993.00","-34030.00","-238.00","--","-29275.00","404866.00","375591.00"
"115/10/09","115","1","1413","宏洲","95065.00","-4583.00","-62240.00","--","28242.00","53608.00","81850.00"
"115/10/09","115","1","1414","東和","45769.00","-53437.00","-44475.00","--","-52143.00","165337.00","113194.00"
"115/10/09","115","1","1416","廣豐","52554.00","-137419.00","96830.00","1196.00","13161.00","173778.00","186939.00"
"115/10/09","115","1","1417","嘉裕","30394.00","-35250.00","-38373.00","4629.00","-38600.00","805330.00","766730.00"
"115/10/09","115","1","1418","東華","-55298.00","58676.00","22748.00","26.00","26152.00","732238.00","758390.00"
"115/10/09","115","1","1419","新紡","-159670.00","2776717.00","-1753508.00","68.00","863607.00","1400248.00","2263855.00"
"115/10/09","115","1","1423","利華","7732.00","57408.00","-688.00","--","64452.00","100693.00","165145.00"
"115/10/09","115","1","1432","大魯閣","-113876.00","64118.00","-213056.00","2105.00","-260709.00","906753.00","646044.00"
"115/10/09","115","1","1434","福懋","-119531.00","-311021.00","305446.00","112854.00","-12252.00","3227056.00","3214804.00"
"115/10/09","115","1","1435","中福","-6998.00","-552.00","0.00","0.00","-7550.00","46167.00","38617.00"
"115/10/09","115","1","1436","華友聯","105820.00","-12718.00","-195463.00","--","-102361.00","2037456.00","1935095.00"
"115/10/09","115","1","1437","勤益控","41278.00","-2943.00","-101215.00","5376.00","-57504.00","613271.00","555767.00"
"115/10/09","115","1","1438","三地開發","-126615.00","-2750.00","-70070.00","--","-199435.00","326958.00","127523.00"
"115/10/09","115","1","1439","雋揚","-74437.00","2895.00","67646.00","--","-3896.00","689238.00","685342.00"
"115/10/09","115","1","1440","南紡","125133.00","-211728.00","-615560.00","110704.00","-591451.00","4992099.00","4400648.00"
"115/10/09","115","1","1441","大東","-72124.00","-3275.00","36433.00","4218.00","-34748.00","87728.00","52980.00"
"115/10/09","115","1","1442","名軒","-272793.00","6784.00","118924.00","--","-147085.00","604836.00","457751.00"
"115/10/09","115","1","1443","立益物流","137964.00","-94923.00","8910.00","-74942.00","-22991.00","158382.00","135391.00"
"115/10/09","115","1","1444","力麗","127548.00","-239630.00","224941.00","6744.00","119603.00","550540.00","670143.00"
"115/10/09","115","1","1445","大宇","-14388.00","690.00","-448.00","1990.00","-12156.00","267858.00","255702.00"
"115/10/09","115","1","1446","宏和","147497.00","-51.00","-33092.00","77.00","114431.00","1208659.00","1323090.00"
"115/10/09","115","1","1447","力鵬","144022.00","-139239.00","-366986.00","11784.00","-350419.00","1441973.00","1091554.00"
"115/10/09","115","1","1449","佳和","-22429.00","-163400.00","229001.00","-392.00","42780.00","518723.00","561503.00"
"115/10/09","115","1","1451","年興","167744.00","-62761.00","-62256.00","8225.00","50952.00","1050296.00","1101248.00"
"115/10/09","115","1","1452","宏益","-61233.00","29294.00","-453.00","--","-32392.00","414825.00","382433.00"
"115/10/09","115","1","1453","大將","-82442.00","0.00","85381.00","--","2939.00","5535.00","8474.00"
"115/10/09","115","1","1454","台富","-13491.00","5870.00","34489.00","--","26868.00","49484.00","76352.00"
"115/10/09","115","1","1455","集盛","62189.00","-99691.00","253961.00","648.00","217107.00","267108.00","484215.00"
"115/10/09","115","1","1456","怡華","-99351.00","-11430.00","87573.00","--","-23208.00","53135.00","29927.00"
"115/10/09","115","1","1457","宜進","450956.00","249267.00","-519672.00","--","180551.00","286236.00","466787.00"
"115/10/09","115","1","1459","聯發","26784.00","198361.00","37927.00","613.00","263685.00","801016.00","1064701.00"
"115/10/09","115","1","1460","宏遠","334544.00","-109739.00","-265289.00","515.00","-39969.00","742589.00","702620.00"
"115/10/09","115","1","1463","強盛新","-16252.00","20484.00","-840.00","--","3392.00","833253.00","836645.00"
"115/10/09","115","1","1464","得力","59726.00","-220013.00","-105796.00","60379.00","-205704.00","1527742.00","1322038.00"
"115/10/09","115","1","1465","偉全","-600.00","1910.00","-49.00","--","1261.00","293336.00","294597.00"
"115/10/09","115","1","1466","聚隆","-25595.00","-126252.00","-11997.00","--","-163844.00","630770.00","466926.00"
"115/10/09","115","1","1467","南緯","-34209.00","-13703.00","118618.00","18469.00","89175.00","1699419.00","1788594.00"
"115/10/09","115","1","1468","昶和","-7434.00","-19333.00","-4514.00","6327.00","-24954.00","447437.00","422483.00"
"115/10/09","115","1","1470","大統新創","38414.00","-23912.00","-987.00","533.00","14048.00","232883.00","246931.00"
"115/10/09","115","1","1471","首利","-104504.00","497170.00","-2261.00","-1274.00","389131.00","499229.00","888360.00"
"115/10/09","115","1","1472","三洋實業","40947.00","-57285.00","68830.00","0.00","52492.00","1459033.00","1511525.00"
"115/10/09","115","1","1473","台南","-311664.00","-51169.00","379025.00","23407.00","39599.00","621938.00","661537.00"
"115/10/09","115","1","1474","弘裕","111286.00","-65146.00","87213.00","4503.00","137856.00","502366.00","640222.00"
"115/10/09","115","1","1475","業旺","30267.00","118029.00","-104650.00","1967.00","45613.00","1115935.00","1161548.00"
"115/10/09","115","1","1476","儒鴻","2323083.00","-2565406.00","-267931.00","58847.00","-451407.00","3409474.00","2958067.00"
"115/10/09","115","1","1477","聚陽","1283017.00","-850625.00","-80440.00","42403.00","394355.00","2624188.00","3018543.00"
"115/10/09","115","1","1503","士電","-1329823.00","-311322.00","-303308.00","106965.00","-1837488.00","5094258.00","3256770.00"
"115/10/09","115","1","1504","東元","1208591.00","-395377.00","207815.00","380019.00","1401048.00","26224399.00","27625447.00"
"115/10/09","115","1","1506","正道","-47176.00","-108844.00","7882.00","4317.00","-143821.00","216217.00","72396.00"
"115/10/09","115","1","1512","瑞利","-28142.00","-10308.00","26775.00","5996.00","-5679.00","167369.00","161690.00"
"115/10/09","115","1","1513","中興電","748847.00","-407351.00","-1191059.00","49327.00","-800236.00","3458480.00","2658244.00"
"115/10/09","115","1","1514","亞力","339698.00","-90543.00","-391439.00","2801.00","-139483.00","1694233.00","1554750.00"
"115/10/09","115","1","1515","力山","138903.00","-155629.00","-41185.00","10186.00","-47725.00","2019518.00","1971793.00"
"115/10/09","115","1","1516","川飛","-10318.00","5011.00","--","--","-5307.00","85123.00","79816.00"
"115/10/09","115","1","1517","利奇","6410.00","97244.00","--","3556.00","107210.00","641687.00","748897.00"
"115/10/09","115","1","1519","華城","1517429.00","-544366.00","-442280.00","7959.00","538742.00","4795777.00","5334519.00"
"115/10/09","115","1","1521","大億","-38935.00","-11702.00","96173.00","0.00","45536.00","185633.00","231169.00"
"115/10/09","115","1","1522","堤維西","632504.00","-466653.00","-102155.00","770.00","64466.00","2358246.00","2422712.00"
"115/10/09","115","1","1524","耿鼎","184138.00","-121709.00","35957.00","--","98386.00","317161.00","415547.00"
"115/10/09","115","1","1525","江申","-80419.00","640399.00","16.00","52118.00","612114.00","1499455.00","2111569.00"
"115/10/09","115","1","1526","日馳","-83057.00","-5027.00","-33917.00","19503.00","-102498.00","424313.00","321815.00"
"115/10/09","115","1","1527","鑽全","83468.00","65616.00","-920.00","--","148164.00","178636.00","326800.00"
"115/10/09","115","1","1528","恩德","20796.00","-41628.00","69749.00","6000.00","54917.00","616896.00","671813.00"
"115/10/09","115","1","1529","樂事綠能","53636.00","-52068.00","9575.00","0.00","11143.00","297561.00","308704.00"
"115/10/09","115","1","1530","亞崴","-4386.00","-64060.00","53668.00","14695.00","-83.00","1020136.00","1020053.00"
"115/10/09","115","1","1531","高林股","48331.00","-74268.00","94360.00","6573.00","74996.00","937485.00","1012481.00"
"115/10/09","115","1","1532","勤美","-475502.00","190470.00","-310911.00","98805.00","-497138.00","5957616.00","5460478.00"
"115/10/09","115","1","1533","車王電","-163843.00","-69455.00","250712.00","16519.00","33933.00","622829.00","656762.00"
"115/10/09","115","1","1535","中宇","-294080.00","-146015.00","-8707.00","35825.00","-412977.00","1520376.00","1107399.00"
"115/10/09","115","1","1536","和大","-145883.00","-55873.00","65996.00","3539.00","-132221.00","724847.00","592626.00"
"115/10/09","115","1","1537","廣隆","171330.00","3173.00","152.00","44963.00","219618.00","2009094.00","2228712.00"
"115/10/09","115","1","1538","正峰","-25553.00","-1333.00","4469.00","17364.00","-5053.00","20339.00","15286.00"
"115/10/09","115","1","1539","巨庭","-930.00","-12041.00","42230.00","16.00","29275.00","489723.00","518998.00"
"115/10/09","115","1","1540","喬福","23037.00","-118444.00","--","-123.00","-95530.00","206004.00","110474.00"
"115/10/09","115","1","1541","錩泰","363357.00","-52942.00","-13714.00","4759.00","301460.00","148091.00","449551.00"
"115/10/09","115","1","1558","伸興","310272.00","-802887.00","50701.00","92968.00","-348946.00","2670322.00","2321376.00"
"115/10/09","115","1","1560","中砂","467584.00","-582279.00","318862.00","-4806.00","199361.00","1573289.00","1772650.00"
"115/10/09","115","1","1563","巧新","167922.00","-2232325.00","1616146.00","346.00","-447911.00","3212539.00","2764628.00"
"115/10/09","115","1","1568","倉佑","38387.00","-47396.00","129314.00","-4554.00","115751.00","420826.00","536577.00"
"115/10/09","115","1","1582","信錦","-93115.00","-197270.00","92872.00","103069.00","-94444.00","4075036.00","3980592.00"
"115/10/09","115","1","1583","程泰","-59070.00","-337738.00","1130205.00","38727.00","772124.00","2133132.00","2905256.00"
"115/10/09","115","1","1587","吉茂","82523.00","-6144.00","44140.00","7585.00","128104.00","442448.00","570552.00"
"115/10/09","115","1","1590","亞德客-KY","2582897.00","-526278.00","24807.00","89491.00","2170917.00","3977215.00","6148132.00"
"115/10/09","115","1","1597","直得","49163.00","-14720.00","-90492.00","9335.00","-46714.00","706758.00","660044.00"
"115/10/09","115","1","1598","岱宇","212950.00","-11262.00","12560.00","4520.00","218768.00","610052.00","828820.00"
"115/10/09","115","1","1603","華電","28429.00","147518.00","-80057.00","--","95890.00","135698.00","231588.00"
"115/10/09","115","1","1604","聲寶","-49361.00","-224107.00","298806.00","6102.00","31440.00","883889.00","915329.00"
"115/10/09","115","1","1605","華新","-3329343.00","212291.00","2304717.00","725160.00","-87175.00","14215311.00","14128136.00"
"115/10/09","115","1","1608","華榮","-84993.00","-52991.00","429990.00","--","292006.00","394203.00","686209.00"
"115/10/09","115","1","1609","大亞","1087397.00","-1100867.00","781515.00","38012.00","806057.00","6417892.00","7223949.00"
"115/10/09","115","1","1611","中電","36370.00","1233.00","-6252.00","-201.00","31150.00","362797.00","393947.00"
"115/10/09","115","1","1612","宏泰","-537921.00","12668.00","203.00","1554.00","-523496.00","1450333.00","926837.00"
"115/10/09","115","1","1614","三洋電","89402.00","-66261.00","-1939.00","--","21202.00","66101.00","87303.00"
"115/10/09","115","1","1615","大山","485410.00","-102382.00","-423087.00","--","-40059.00","99067.00","59008.00"
"115/10/09","115","1","1616","億泰","86492.00","109363.00","9942.00","5789.00","211586.00","523717.00","735303.00"
"115/10/09","115","1","1617","榮星","-41395.00","214922.00","5022.00","5283.00","183832.00","510598.00","694430.00"
"115/10/09","115","1","1618","合機","729788.00","-42503.00","-418511.00","113.00","268887.00","187222.00","456109.00"
"115/10/09","115","1","1623","大東電","-229512.00","63605.00","532957.00","--","367050.00","510430.00","877480.00"
"115/10/09","115","1","1626","艾美特-KY","-577733.00","-51998.00","439514.00","28312.00","-161905.00","765494.00","603589.00"
"115/10/09","115","1","1702","南僑","544220.00","-462346.00","652430.00","259435.00","993739.00","5365659.00","6359398.00"
"115/10/09","115","1","1707","葡萄王","380025.00","-241463.00","-342617.00","15681.00","-188374.00","4164558.00","3976184.00"
"115/10/09","115","1","1708","東鹼","300390.00","-18242.00","-278575.00","10381.00","13954.00","1661212.00","1675166.00"
"115/10/09","115","1","1709","和益","541783.00","36196.00","-478472.00","-123.00","99384.00","501351.00","600735.00"
"115/10/09","115","1","1710","東聯","-185217.00","-568891.00","1581138.00","2897.00","829927.00","1532486.00","2362413.00"
"115/10/09","115","1","1711","永光","215412.00","-111426.00","13229.00","1524.00","118739.00","1119887.00","1238626.00"
"115/10/09","115","1","1712","興農","-437783.00","-36784.00","22645.00","8711.00","-443211.00","1989350.00","1546139.00"
"115/10/09","115","1","1713","國化","11662.00","8744.00","-310.00","--","20096.00","102085.00","122181.00"
"115/10/09","115","1","1714","和桐","-131470.00","-150306.00","-148557.00","32982.00","-397351.00","6380349.00","5982998.00"
"115/10/09","115","1","1717","長興","727346.00","-228303.00","720278.00","120815.00","1340136.00","6044025.00","7384161.00"
"115/10/09","115","1","1720","生達","385151.00","-150738.00","-41254.00","-132.00","193027.00","1833746.00","2026773.00"
"115/10/09","115","1","1721","國慶科技","-73118.00","59459.00","-138322.00","--","-151981.00","504789.00","352808.00"
"115/10/09","115","1","1722","台肥","226122.00","-536653.00","1506719.00","2034.00","1198222.00","1949825.00","3148047.00"
"115/10/09","115","1","1723","中碳","188452.00","-159205.00","-365513.00","5008.00","-331258.00","1113759.00","782501.00"
"115/10/09","115","1","1725","元禎","21658.00","4520.00","-16588.00","9271.00","18861.00","677655.00","696516.00"
"115/10/09","115","1","1726","永記","411841.00","-81066.00","-8773.00","68486.00","390488.00","1817539.00","2208027.00"
"115/10/09","115","1","1727","中華化","37840.00","-172738.00","158081.00","--","23183.00","126374.00","149557.00"
"115/10/09","115","1","1730","花仙子","64417.00","-213530.00","-7752.00","6609.00","-150256.00","1007812.00","857556.00"
"115/10/09","115","1","1731","美吾華","35728.00","-176693.00","-535.00","1318.00","-140182.00","225062.00","84880.00"
"115/10/09","115","1","1732","毛寶","-6190.00","-31203.00","-356.00","1825.00","-35924.00","209336.00","173412.00"
"115/10/09","115","1","1733","五鼎","36894.00","-9729.00","-2534.00","2239.00","26870.00","567091.00","593961.00"
"115/10/09","115","1","1734","杏輝","116416.00","-88217.00","187783.00","11621.00","227603.00","864139.00","1091742.00"
"115/10/09","115","1","1735","日勝化","41400.00","-4467.00","-21611.00","10541.00","25863.00","393681.00","419544.00"
"115/10/09","115","1","1736","喬山","37864.00","-311849.00","344403.00","-215620.00","-145202.00","3302851.00","3157649.00"
"115/10/09","115","1","1737","臺鹽","165922.00","-42593.00","28965.00","604.00","152898.00","1349371.00","1502269.00"
"115/10/09","115","1","1752","南光","33710.00","-90265.00","38146.00","-1.00","-18410.00","345669.00","327259.00"
"115/10/09","115","1","1760","寶齡富錦","55094.00","-33334.00","-31258.00","804.00","-8694.00","460316.00","451622.00"
"115/10/09","115","1","1762","中化生","89800.00","-19412.00","-663.00","325.00","70050.00","216437.00","286487.00"
"115/10/09","115","1","1773","勝一","715470.00","-539780.00","12943.00","574.00","189207.00","310657.00","499864.00"
"115/10/09","115","1","1776","展宇","43594.00","-18473.00","-79607.00","23045.00","-31441.00","465543.00","434102.00"
"115/10/09","115","1","1783","和康生","78940.00","-6297.00","2868.00","-2176.00","73335.00","576191.00","649526.00"
"115/10/09","115","1","1786","科妍","48507.00","25147.00","-3653.00","50.00","70051.00","845808.00","915859.00"
"115/10/09","115","1","1789","神隆","199631.00","-84237.00","28763.00","11191.00","155348.00","3110074.00","3265422.00"
"115/10/09","115","1","1795","美時","-24955.00","-1242257.00","-347083.00","69942.00","-1544353.00","7739617.00","6195264.00"
"115/10/09","115","1","1802","台玻","-1658.00","-1153322.00","-532142.00","428363.00","-1258759.00","8735559.00","7476800.00"
"115/10/09","115","1","1805","寶徠","-18338.00","0.00","-1400.00","0.00","-19738.00","388030.00","368292.00"
"115/10/09","115","1","1806","冠軍","108585.00","-26344.00","-368308.00","6960.00","-279107.00","1888918.00","1609811.00"
"115/10/09","115","1","1808","潤隆","4697214.00","9766.00","-4243302.00","--","463678.00","5381377.00","5845055.00"
"115/10/09","115","1","1809","中釉","-31304.00","-9997.00","3659.00","21557.00","-16085.00","583766.00","567681.00"
"115/10/09","115","1","1810","和成","-68599.00","265781.00","-9298.00","2789.00","190673.00","599185.00","789858.00"
"115/10/09","115","1","1817","凱撒衛","125999.00","-87227.00","-56742.00","23402.00","5432.00","377278.00","382710.00"
"115/10/09","115","1","1903","士紙","-1379.00","-50934.00","7310.00","--","-45003.00","513921.00","468918.00"
"115/10/09","115","1","1904","正隆","1164986.00","-1307598.00","568084.00","-73404.00","352068.00","5964347.00","6316415.00"
"115/10/09","115","1","1905","華紙","334531.00","-488562.00","31661.00","-22834.00","-145204.00","1940276.00","1795072.00"
"115/10/09","115","1","1906","寶隆","-176698.00","-4477.00","199505.00","--","18330.00","152096.00","170426.00"
"115/10/09","115","1","1907","永豐餘","561154.00","-2601746.00","616320.00","172556.00","-1251716.00","11679948.00","10428232.00"
"115/10/09","115","1","1909","榮成","1013073.00","-50605.00","750503.00","-673258.00","1039713.00","1200933.00","2240646.00"
"115/10/09","115","1","2002","中鋼","6587557.00","-3873757.00","-4496228.00","822369.00","-960059.00","16818790.00","15858731.00"
"115/10/09","115","1","2006","東和鋼鐵","2364921.00","-408210.00","-1935509.00","6309.00","27511.00","1267035.00","1294546.00"
"115/10/09","115","1","2007","燁興","40910.00","-118476.00","12411.00","--","-65155.00","142530.00","77375.00"
"115/10/09","115","1","2008","高興昌","-124.00","-13396.00","64007.00","--","50487.00","262448.00","312935.00"
"115/10/09","115","1","2009","第一銅","-40654.00","-24422.00","78693.00","--","13617.00","101700.00","115317.00"
"115/10/09","115","1","2010","春源","432525.00","41283.00","-525636.00","62190.00","10362.00","609169.00","619531.00"
"115/10/09","115","1","2012","春雨","-39389.00","71845.00","71780.00","59224.00","163460.00","724463.00","887923.00"
"115/10/09","115","1","2013","中鋼構","-828556.00","-51517.00","479887.00","--","-400186.00","1258240.00","858054.00"
"115/10/09","115","1","2014","中鴻","1003609.00","-14593.00","-800022.00","--","188994.00","751883.00","940877.00"
"115/10/09","115","1","2015","豐興","2263382.00","-417597.00","-254779.00","--","1591006.00","2979289.00","4570295.00"
"115/10/09","115","1","2017","官田鋼","147356.00","-368028.00","378597.00","--","157925.00","294265.00","452190.00"
"115/10/09","115","1","2020","美亞","193662.00","-62685.00","-65676.00","2390.00","67691.00","659039.00","726730.00"
"115/10/09","115","1","2022","聚亨","201592.00","-230971.00","247019.00","-91689.00","125951.00","794274.00","920225.00"
"115/10/09","115","1","2023","燁輝","-1708502.00","-310878.00","2074030.00","-96159.00","-41509.00","8708576.00","8667067.00"
"115/10/09","115","1","2024","志聯","23160.00","7058.00","-24412.00","-122.00","5684.00","95078.00","100762.00"
"115/10/09","115","1","2025","千興","23400.00","48683.00","-84932.00","80.00","-12769.00","98100.00","85331.00"
"115/10/09","115","1","2027","大成鋼","5379228.00","-3308843.00","-2835538.00","82449.00","-682704.00","9934799.00","9252095.00"
"115/10/09","115","1","2028","威致","1032832.00","-104350.00","-815640.00","--","112842.00","90495.00","203337.00"
"115/10/09","115","1","2029","盛餘","226098.00","-567718.00","6780.00","11063.00","-323777.00","2986466.00","2662689.00"
"115/10/09","115","1","2030","彰源","147485.00","-36766.00","48930.00","24716.00","184365.00","1223856.00","1408221.00"
"115/10/09","115","1","2031","新光鋼","-38313.00","-139344.00","274854.00","146.00","97343.00","1269648.00","1366991.00"
"115/10/09","115","1","2032","新鋼","18173.00","-196.00","64754.00","--","82731.00","226691.00","309422.00"
"115/10/09","115","1","2033","佳大","59140.00","-35638.00","-39125.00","--","-15623.00","63333.00","47710.00"
"115/10/09","115","1","2034","允強","-552982.00","-101825.00","330878.00","-58433.00","-382362.00","994084.00","611722.00"
"115/10/09","115","1","2038","海光","750337.00","-125312.00","-692878.00","--","-67853.00","430946.00","363093.00"
"115/10/09","115","1","2049","上銀","1360443.00","-533472.00","-440879.00","51683.00","437775.00","7624371.00","8062146.00"
"115/10/09","115","1","2059","川湖","3076224.00","-162451.00","-154662.00","392846.00","3151957.00","24079620.00","27231577.00"
"115/10/09","115","1","2062","橋椿","76.00","-203644.00","282399.00","28306.00","107137.00","1159232.00","1266369.00"
"115/10/09","115","1","2069","運錩","55398.00","-254036.00","264110.00","51884.00","117356.00","150356.00","267712.00"
"115/10/09","115","1","2072","世紀風電","-19933.00","-488695.00","3901965.00","--","3393337.00","7919598.00","11312935.00"
"115/10/09","115","1","2101","南港","2753544.00","844122.00","-2942348.00","58538.00","713856.00","1110688.00","1824544.00"
"115/10/09","115","1","2102","泰豐","-89897.00","-255607.00","-28781.00","11174.00","-363111.00","2896330.00","2533219.00"
"115/10/09","115","1","2103","台橡","-342526.00","-557589.00","369521.00","345649.00","-184945.00","6686122.00","6501177.00"
"115/10/09","115","1","2104","國際中橡","282447.00","-84100.00","-417306.00","80334.00","-138625.00","10593696.00","10455071.00"
"115/10/09","115","1","2105","正新","3847161.00","1475342.00","-318151.00","481133.00","5485485.00","22399032.00","27884517.00"
"115/10/09","115","1","2106","建大","8772.00","-560336.00","557720.00","74563.00","80719.00","9331556.00","9412275.00"
"115/10/09","115","1","2107","厚生","126985.00","-890311.00","92294.00","249.00","-670783.00","1478730.00","807947.00"
"115/10/09","115","1","2108","南帝","34217.00","-338610.00","47601.00","196045.00","-60747.00","9551171.00","9490424.00"
"115/10/09","115","1","2109","華豐","274464.00","-1272859.00","-116782.00","-1116.00","-1116293.00","3260343.00","2144050.00"
"115/10/09","115","1","2114","鑫永銓","156755.00","-95147.00","-19376.00","-5601.00","36631.00","546149.00","582780.00"
"115/10/09","115","1","2115","六暉-KY","-6443.00","-39472.00","81133.00","19678.00","54896.00","829023.00","883919.00"
"115/10/09","115","1","2201","裕隆","3825471.00","-2727514.00","-15318.00","96169.00","1178808.00","11838642.00","13017450.00"
"115/10/09","115","1","2204","中華","-188264.00","260845.00","56913.00","55559.00","185053.00","4218448.00","4403501.00"
"115/10/09","115","1","2206","三陽工業","-248126.00","-1062797.00","-1740450.00","116636.00","-2934737.00","10795600.00","7860863.00"
"115/10/09","115","1","2208","台船","-3807067.00","-128659.00","3626760.00","--","-308966.00","1909943.00","1600977.00"
"115/10/09","115","1","2211","長榮鋼","973493.00","-296647.00","-14217.00","--","662629.00","1933656.00","2596285.00"
"115/10/09","115","1","2227","裕日車","-557085.00","12935.00","-11716.00","79687.00","-476179.00","5530134.00","5053955.00"
"115/10/09","115","1","2228","劍麟","88868.00","-294422.00","-5782.00","82029.00","-129307.00","759829.00","630522.00"
"115/10/09","115","1","2231","為升","35507.00","-93130.00","-57959.00","12884.00","-102698.00","1417441.00","1314743.00"
"115/10/09","115","1","2233","宇隆","146274.00","-677854.00","208597.00","56330.00","-266653.00","1306849.00","1040196.00"
"115/10/09","115","1","2236","百達-KY","98600.00","-47646.00","37797.00","65434.00","154185.00","828933.00","983118.00"
"115/10/09","115","1","2237","華德動能-創","-147824.00","-69827.00","285389.00","0.00","67738.00","78743.00","146481.00"
"115/10/09","115","1","2239","英利-KY","-18844.00","195373.00","-625809.00","304584.00","-144696.00","6130280.00","5985584.00"
"115/10/09","115","1","2241","艾姆勒","-4946.00","-4540.00","90075.00","6381.00","86970.00","197179.00","284149.00"
"115/10/09","115","1","2243","宏旭-KY","8320.00","-25889.00","-36320.00","22314.00","-31575.00","478159.00","446584.00"
"115/10/09","115","1","2247","汎德永業","2320460.00","-480772.00","-631947.00","--","1207741.00","2639545.00","3847286.00"
"115/10/09","115","1","2248","華勝-KY","1169.00","-48295.00","-582.00","35043.00","-12665.00","650149.00","637484.00"
"115/10/09","115","1","2250","IKKA-KY","26182.00","-16668.00","-53037.00","9797.00","-33726.00","1355163.00","1321437.00"
"115/10/09","115","1","2254","巨鎧精密-創","-39031.00","-14327.00","92910.00","1579.00","41131.00","83570.00","124701.00"
"115/10/09","115","1","2258","鴻華先進-創","-1268137.00","-776545.00","2998802.00","2510.00","956630.00","1722333.00","2678963.00"
"115/10/09","115","1","2301","光寶科","-1240042.00","-3772090.00","-6762822.00","1933764.00","-9841190.00","80974352.00","71133162.00"
"115/10/09","115","1","2302","麗正","39309.00","53141.00","-829.00","910.00","92531.00","448174.00","540705.00"
"115/10/09","115","1","2303","聯電","21981335.00","-21347825.00","-3686231.00","1411260.00","-1641461.00","110660052.00","109018591.00"
"115/10/09","115","1","2305","全友","-28409.00","-128819.00","-3572.00","13161.00","-147639.00","540782.00","393143.00"
"115/10/09","115","1","2308","台達電","19931192.00","-12318347.00","-327737.00","2476813.00","9761921.00","151172175.00","160934096.00"
"115/10/09","115","1","2312","金寶","4224136.00","-1242549.00","3223516.00","1177904.00","7383007.00","13851982.00","21234989.00"
"115/10/09","115","1","2313","華通","1586943.00","-1696839.00","1065223.00","356808.00","1312135.00","11508955.00","12821090.00"
"115/10/09","115","1","2314","台揚","56048.00","-7033.00","-51695.00","9631.00","6951.00","100142.00","107093.00"
"115/10/09","115","1","2316","楠梓電","-276210.00","169140.00","108837.00","32764.00","34531.00","1040661.00","1075192.00"
"115/10/09","115","1","2317","鴻海","3217154.00","-29019834.00","-26010315.00","21690338.00","-30122657.00","1016439967.00","986317310.00"
"115/10/09","115","1","2321","東訊","-45549.00","12731.00","-20979.00","--","-53797.00","145070.00","91273.00"
"115/10/09","115","1","2323","中環","96646.00","86351.00","-424144.00","36432.00","-204715.00","2877568.00","2672853.00"
"115/10/09","115","1","2324","仁寶","14011741.00","-2794012.00","-11773263.00","1834803.00","1279269.00","83290346.00","84569615.00"
"115/10/09","115","1","2327","國巨*","8977656.00","-4229237.00","-315496.00","734332.00","5167255.00","81473484.00","86640739.00"
"115/10/09","115","1","2328","廣宇","70647.00","367473.00","-114309.00","89942.00","413753.00","6340801.00","6754554.00"
"115/10/09","115","1","2329","華泰","263523.00","-796294.00","876564.00","4352.00","348145.00","2718816.00","3066961.00"
"115/10/09","115","1","2330","台積電","698976265.00","-356853756.00","-119910612.00","45568929.00","267780826.00","2767856402.00","3035637228.00"
"115/10/09","115","1","2331","精英","39403.00","542525.00","98060.00","61005.00","740993.00","3482911.00","4223904.00"
"115/10/09","115","1","2332","友訊","-129923.00","270642.00","-149412.00","-46409.00","-55102.00","3171235.00","3116133.00"
"115/10/09","115","1","2337","旺宏","2194827.00","-218174.00","-970320.00","50434.00","1056767.00","14912667.00","15969434.00"
"115/10/09","115","1","2338","光罩","487084.00","-377697.00","389236.00","1584.00","500207.00","862276.00","1362483.00"
"115/10/09","115","1","2340","台亞","-96652.00","-251489.00","181503.00","--","-166638.00","2547511.00","2380873.00"
"115/10/09","115","1","2342","茂矽","-44465.00","-50922.00","-14554.00","--","-109941.00","838162.00","728221.00"
"115/10/09","115","1","2344","華邦電","12365781.00","-25657377.00","22962779.00","115691.00","9786874.00","15733774.00","25520648.00"
"115/10/09","115","1","2345","智邦","-3658466.00","-2055863.00","2824144.00","97078.00","-2793107.00","27890576.00","25097469.00"
"115/10/09","115","1","2347","聯強","-19913497.00","-942785.00","9363242.00","2375853.00","-9117187.00","24422175.00","15304988.00"
"115/10/09","115","1","2348","海悅","-2366349.00","-525608.00","1851670.00","--","-1040287.00","5923229.00","4882942.00"
"115/10/09","115","1","2349","錸德","-89490.00","-596932.00","-655074.00","202283.00","-1139213.00","3675880.00","2536667.00"
"115/10/09","115","1","2351","順德","67313.00","-248465.00","235321.00","7357.00","61526.00","1026336.00","1087862.00"
"115/10/09","115","1","2352","佳世達","-4523289.00","-5426515.00","5187342.00","657189.00","-4105273.00","26577881.00","22472608.00"
"115/10/09","115","1","2353","宏��","-14991813.00","196116.00","9767228.00","581540.00","-4446929.00","31870146.00","27423217.00"
"115/10/09","115","1","2354","鴻準","-2589563.00","2419564.00","2573338.00","301558.00","2704897.00","15643766.00","18348663.00"
"115/10/09","115","1","2355","敬鵬","113672.00","201697.00","-8941.00","56119.00","362547.00","2534998.00","2897545.00"
"115/10/09","115","1","2356","英業達","-3578454.00","-5411801.00","-615365.00","593183.00","-9012437.00","54315410.00","45302973.00"
"115/10/09","115","1","2357","華碩","-46595734.00","1351202.00","10835991.00","2285075.00","-32123466.00","90078729.00","57955263.00"
"115/10/09","115","1","2359","所羅門","315165.00","-50998.00","-50027.00","23015.00","237155.00","2213779.00","2450934.00"
"115/10/09","115","1","2360","致茂","1015507.00","-1840644.00","-23258.00","23241.00","-825154.00","6222160.00","5397006.00"
"115/10/09","115","1","2362","藍天","-291985.00","-50287.00","825187.00","55493.00","538408.00","8434585.00","8972993.00"
"115/10/09","115","1","2363","矽統","-10783.00","-654603.00","-15003.00","34614.00","-645775.00","2704738.00","2058963.00"
"115/10/09","115","1","2364","倫飛","72569.00","-4569.00","29291.00","65.00","97356.00","501707.00","599063.00"
"115/10/09","115","1","2365","昆盈","29758.00","161319.00","-6756.00","13425.00","197746.00","1135920.00","1333666.00"
"115/10/09","115","1","2367","燿華","-410232.00","-952087.00","1141180.00","78315.00","-142824.00","906024.00","763200.00"
"115/10/09","115","1","2368","金像電","5060440.00","-1918525.00","672199.00","436020.00","4250134.00","18114483.00","22364617.00"
"115/10/09","115","1","2369","菱生","-58297.00","-100328.00","-79306.00","7156.00","-230775.00","1546811.00","1316036.00"
"115/10/09","115","1","2371","大同","-696812.00","132646.00","-3280705.00","110740.00","-3734131.00","24399966.00","20665835.00"
"115/10/09","115","1","2373","震旦行","-134253.00","-30208.00","-342256.00","64009.00","-442708.00","2739060.00","2296352.00"
"115/10/09","115","1","2374","佳能","78099.00","-97339.00","1079242.00","51888.00","1111890.00","1729929.00","2841819.00"
"115/10/09","115","1","2375","凱美","135667.00","533693.00","51927.00","79381.00","800668.00","1593072.00","2393740.00"
"115/10/09","115","1","2376","技嘉","-20652885.00","-1317395.00","43953054.00","1007190.00","22989964.00","40321147.00","63311111.00"
"115/10/09","115","1","2377","微星","3489135.00","-4476097.00","-4603725.00","379476.00","-5211211.00","31086286.00","25875075.00"
"115/10/09","115","1","2379","瑞昱","6113872.00","-8047397.00","-352191.00","208430.00","-2077286.00","13065867.00","10988581.00"
"115/10/09","115","1","2380","虹光","-85899.00","-21905.00","-58087.00","25751.00","-140140.00","561806.00","421666.00"
"115/10/09","115","1","2382","廣達","-92209981.00","-27851573.00","165154100.00","3330801.00","48423347.00","178309881.00","226733228.00"
"115/10/09","115","1","2383","台光電","2703047.00","-5671576.00","4582142.00","513075.00","2126688.00","20007816.00","22134504.00"
"115/10/09","115","1","2385","群光","-538691.00","444192.00","5298096.00","1233020.00","6436617.00","21359642.00","27796259.00"
"115/10/09","115","1","2387","精元","337036.00","-306612.00","86722.00","165173.00","282319.00","4243529.00","4525848.00"
"115/10/09","115","1","2388","威盛","674891.00","-704838.00","26570.00","150022.00","146645.00","13564159.00","13710804.00"
"115/10/09","115","1","2390","云辰","-30539.00","-16087.00","-7373.00","-3878.00","-57877.00","388068.00","330191.00"
"115/10/09","115","1","2392","正崴","4021425.00","-344061.00","-2436500.00","376474.00","1617338.00","19799074.00","21416412.00"
"115/10/09","115","1","2393","億光","136000.00","550815.00","246473.00","141618.00","1074906.00","3945108.00","5020014.00"
"115/10/09","115","1","2395","研華","1113278.00","-2890318.00","290906.00","170813.00","-1315321.00","11317279.00","10001958.00"
"115/10/09","115","1","2397","友通","-106220.00","-121689.00","296031.00","31013.00","99135.00","2403301.00","2502436.00"
"115/10/09","115","1","2399","映泰","-122112.00","-99381.00","60000.00","893.00","-160600.00","836475.00","675875.00"
"115/10/09","115","1","2401","凌陽","-100126.00","-109620.00","-61861.00","7073.00","-264534.00","4746631.00","4482097.00"
"115/10/09","115","1","2402","毅嘉","128647.00","63047.00","100629.00","191999.00","484322.00","2711646.00","3195968.00"
"115/10/09","115","1","2404","漢唐","5391309.00","-5161827.00","-37725.00","126038.00","317795.00","29928325.00","30246120.00"
"115/10/09","115","1","2405","輔信","-170374.00","-118065.00","81742.00","4554.00","-202143.00","869340.00","667197.00"
"115/10/09","115","1","2406","國碩","-298208.00","-129606.00","187204.00","376.00","-240234.00","1570391.00","1330157.00"
"115/10/09","115","1","2408","南亞科","31548820.00","-2814114.00","-1546558.00","1018795.00","28206943.00","58074065.00","86281008.00"
"115/10/09","115","1","2409","友達","2883926.00","-2798349.00","-4060368.00","1422285.00","-2552506.00","55616637.00","53064131.00"
"115/10/09","115","1","2412","中華電","11103505.00","-14529775.00","1674710.00","38145.00","-1713415.00","36944206.00","35230791.00"
"115/10/09","115","1","2413","環科","130129.00","-203093.00","40310.00","-2719.00","-35373.00","866213.00","830840.00"
"115/10/09","115","1","2414","精技","-1096073.00","98630.00","1000003.00","3526.00","6086.00","625491.00","631577.00"
"115/10/09","115","1","2415","錩新","-115957.00","-79134.00","309973.00","14317.00","129199.00","541755.00","670954.00"
"115/10/09","115","1","2417","圓剛","-60895.00","-12682.00","-65742.00","-8090.00","-147409.00","1953512.00","1806103.00"
"115/10/09","115","1","2419","仲琦","140139.00","-39123.00","-17489.00","-29786.00","53741.00","3506737.00","3560478.00"
"115/10/09","115","1","2420","新巨","199281.00","-154585.00","-13010.00","13565.00","45251.00","1011653.00","1056904.00"
"115/10/09","115","1","2421","建準","63746.00","-324382.00","951896.00","65424.00","756684.00","5256400.00","6013084.00"
"115/10/09","115","1","2423","固緯","163815.00","6889.00","-36319.00","15492.00","149877.00","498606.00","648483.00"
"115/10/09","115","1","2424","隴華","-19593.00","14532.00","-39575.00","-39.00","-44675.00","137177.00","92502.00"
"115/10/09","115","1","2425","承啟","165436.00","-21007.00","-2664.00","17868.00","159633.00","1390673.00","1550306.00"
"115/10/09","115","1","2426","鼎元","83152.00","147227.00","-36763.00","-6218.00","187398.00","428518.00","615916.00"
"115/10/09","115","1","2427","三商電","-556526.00","14812.00","141027.00","846.00","-399841.00","746364.00","346523.00"
"115/10/09","115","1","2428","興勤","119008.00","-180906.00","59309.00","183861.00","181272.00","3330510.00","3511782.00"
"115/10/09","115","1","2429","銘旺科","-63961.00","-31548.00","356.00","--","-95153.00","271623.00","176470.00"
"115/10/09","115","1","2430","燦坤","853337.00","-56831.00","-261482.00","-123.00","534901.00","977587.00","1512488.00"
"115/10/09","115","1","2431","聯昌","-52843.00","101443.00","-1527.00","13915.00","60988.00","416375.00","477363.00"
"115/10/09","115","1","2432","倚天酷��-創","-70149.00","-121073.00","-6864.00","3947.00","-194139.00","1114824.00","920685.00"
"115/10/09","115","1","2433","互盛電","328617.00","-245299.00","-102896.00","11138.00","-8440.00","562218.00","553778.00"
"115/10/09","115","1","2434","統懋","-15514.00","72509.00","-7741.00","-2652.00","46602.00","20887.00","67489.00"
"115/10/09","115","1","2436","偉詮電","163276.00","63227.00","-57844.00","4979.00","173638.00","1238628.00","1412266.00"
"115/10/09","115","1","2438","翔耀","4721.00","-9930.00","145598.00","--","140389.00","59112.00","199501.00"
"115/10/09","115","1","2439","美律","1431612.00","-343841.00","-3138563.00","186907.00","-1863885.00","9797932.00","7934047.00"
"115/10/09","115","1","2440","太空梭","108001.00","-29678.00","150045.00","9427.00","237795.00","254932.00","492727.00"
"115/10/09","115","1","2441","超豐","1291722.00","-865588.00","-3138.00","8533.00","431529.00","5900845.00","6332374.00"
"115/10/09","115","1","2442","新美齊","4970339.00","80565.00","-1384886.00","-256.00","3665762.00","1117327.00","4783089.00"
"115/10/09","115","1","2444","兆勁","-125152.00","-42771.00","19587.00","0.00","-148336.00","495247.00","346911.00"
"115/10/09","115","1","2449","京元電子","3741509.00","-7207619.00","-118587.00","62922.00","-3521775.00","17963504.00","14441729.00"
"115/10/09","115","1","2450","神腦","352656.00","-6049.00","-375509.00","34.00","-28868.00","1885814.00","1856946.00"
"115/10/09","115","1","2451","創見","9373443.00","208895.00","-4431.00","13489.00","9591396.00","1822437.00","11413833.00"
"115/10/09","115","1","2453","凌群","-224620.00","841.00","95555.00","3559.00","-124665.00","602469.00","477804.00"
"115/10/09","115","1","2454","聯發科","-17656664.00","-4090712.00","-31137661.00","2109629.00","-50775408.00","235290082.00","184514674.00"
"115/10/09","115","1","2455","全新","295460.00","-310300.00","522339.00","4765.00","512264.00","944997.00","1457261.00"
"115/10/09","115","1","2457","飛宏","-564055.00","-3129.00","-12948.00","96492.00","-483640.00","3498516.00","3014876.00"
"115/10/09","115","1","2458","義隆","927887.00","440520.00","20399.00","1413.00","1390219.00","2400069.00","3790288.00"
"115/10/09","115","1","2459","敦吉","119861.00","-46855.00","-394051.00","58548.00","-262497.00","1085033.00","822536.00"
"115/10/09","115","1","2460","建通","-241167.00","-143686.00","190132.00","55230.00","-139491.00","506099.00","366608.00"
"115/10/09","115","1","2461","光群雷","406369.00","33386.00","-90312.00","47368.00","396811.00","1013920.00","1410731.00"
"115/10/09","115","1","2462","良得電","10933.00","84803.00","86587.00","1978.00","184301.00","486173.00","670474.00"
"115/10/09","115","1","2464","盟立","-46240.00","-25366.00","-353249.00","24507.00","-400348.00","2231782.00","1831434.00"
"115/10/09","115","1","2465","麗臺","-255928.00","1772.00","101746.00","12207.00","-140203.00","459735.00","319532.00"
"115/10/09","115","1","2466","冠西電","4000.00","124245.00","-155198.00","-22624.00","-49577.00","215539.00","165962.00"
"115/10/09","115","1","2467","志聖","908867.00","-2132580.00","1883224.00","62607.00","722118.00","1863940.00","2586058.00"
"115/10/09","115","1","2468","華經","-181175.00","-8100.00","107791.00","349.00","-81135.00","281951.00","200816.00"
"115/10/09","115","1","2471","資通","59799.00","-1020.00","-5095.00","--","53684.00","694238.00","747922.00"
"115/10/09","115","1","2472","立隆電","301130.00","-151919.00","-226850.00","200245.00","122606.00","4342448.00","4465054.00"
"115/10/09","115","1","2474","可成","-261724.00","-22051539.00","-5957174.00","705678.00","-27564759.00","43747619.00","16182860.00"
"115/10/09","115","1","2476","鉅祥","858419.00","-105512.00","-811476.00","109351.00","50782.00","3337561.00","3388343.00"
"115/10/09","115","1","2477","美隆電","178494.00","-191265.00","62610.00","80704.00","130543.00","2456382.00","2586925.00"
"115/10/09","115","1","2478","大毅","118599.00","3569.00","-35891.00","93705.00","179982.00","1788429.00","1968411.00"
"115/10/09","115","1","2480","敦陽科","647907.00","-3830.00","-477608.00","9460.00","175929.00","1113186.00","1289115.00"
"115/10/09","115","1","2481","強茂","18464.00","-317938.00","158388.00","74820.00","-66266.00","2128944.00","2062678.00"
"115/10/09","115","1","2482","連宇","-3992.00","-34503.00","-2523.00","1125.00","-39893.00","572239.00","532346.00"
"115/10/09","115","1","2483","百容","80941.00","-47968.00","5773.00","17450.00","56196.00","407554.00","463750.00"
"115/10/09","115","1","2484","希華","-4353.00","-23990.00","5361.00","-63.00","-23045.00","631148.00","608103.00"
"115/10/09","115","1","2485","兆赫","-199069.00","179731.00","-625.00","29325.00","9362.00","1225497.00","1234859.00"
"115/10/09","115","1","2486","一詮","92091.00","-1234615.00","1261306.00","51750.00","170532.00","1170331.00","1340863.00"
"115/10/09","115","1","2488","漢平","-16974.00","-341319.00","-162.00","24405.00","-334050.00","1158189.00","824139.00"
"115/10/09","115","1","2489","瑞軒","-231889.00","-63134.00","-15313.00","81817.00","-228519.00","4092114.00","3863595.00"
"115/10/09","115","1","2491","吉祥全","-306864.00","327270.00","-46386.00","445.00","-25535.00","131060.00","105525.00"
"115/10/09","115","1","2492","華新科","1116285.00","909012.00","-1134528.00","504040.00","1394809.00","8160463.00","9555272.00"
"115/10/09","115","1","2493","揚博","86325.00","20098.00","-3463.00","33371.00","136331.00","997793.00","1134124.00"
"115/10/09","115","1","2495","普安","-132998.00","107641.00","-7469.00","1547.00","-31279.00","309951.00","278672.00"
"115/10/09","115","1","2496","卓越","-26398.00","-8060.00","-15769.00","53.00","-50174.00","207789.00","157615.00"
"115/10/09","115","1","2497","怡利電","-92522.00","-1048581.00","1299183.00","-25066.00","133014.00","763933.00","896947.00"
"115/10/09","115","1","2498","宏達電","-764341.00","80892.00","497161.00","27832.00","-158456.00","2909535.00","2751079.00"
"115/10/09","115","1","2501","國建","3754279.00","-60310.00","-3114618.00","--","579351.00","6302998.00","6882349.00"
"115/10/09","115","1","2504","國產","1361104.00","-1381631.00","268194.00","47589.00","295256.00","3898544.00","4193800.00"
"115/10/09","115","1","2505","國揚","-143359.00","6996.00","187572.00","--","51209.00","2590277.00","2641486.00"
"115/10/09","115","1","2506","太設","132826.00","-27834.00","-108874.00","2933.00","-949.00","634606.00","633657.00"
"115/10/09","115","1","2509","全坤建","-371341.00","124868.00","480041.00","3353.00","236921.00","679649.00","916570.00"
"115/10/09","115","1","2511","太子","350422.00","-24148.00","-135154.00","--","191120.00","7680966.00","7872086.00"
"115/10/09","115","1","2514","龍邦","-66339.00","303824.00","118920.00","29506.00","385911.00","2634766.00","3020677.00"
"115/10/09","115","1","2515","中工","-192981.00","1446519.00","-2175526.00","17160.00","-904828.00","2186083.00","1281255.00"
"115/10/09","115","1","2516","新建","-477477.00","26013.00","27817.00","5995.00","-417652.00","2277456.00","1859804.00"
"115/10/09","115","1","2520","冠德","1671131.00","-30226.00","-734422.00","18.00","906501.00","16829692.00","17736193.00"
"115/10/09","115","1","2524","京城","-50956.00","-16589.00","-217726.00","0.00","-285271.00","1170796.00","885525.00"
"115/10/09","115","1","2527","宏璟","3674984.00","12464.00","-3525472.00","4442.00","166418.00","1372459.00","1538877.00"
"115/10/09","115","1","2528","皇普","-794153.00","80628.00","151236.00","--","-562289.00","1190448.00","628159.00"
"115/10/09","115","1","2530","華建","-208176.00","-427.00","149028.00","--","-59575.00","3206058.00","3146483.00"
"115/10/09","115","1","2534","宏盛","-305445.00","-9850.00","158803.00","722.00","-155770.00","1084051.00","928281.00"
"115/10/09","115","1","2535","達欣工","1703135.00","6755.00","-849369.00","3636.00","864157.00","7094256.00","7958413.00"
"115/10/09","115","1","2536","宏普","1569855.00","2462.00","-592963.00","--","979354.00","2645411.00","3624765.00"
"115/10/09","115","1","2537","聯上發","375631.00","41685.00","-30412.00","--","386904.00","292706.00","679610.00"
"115/10/09","115","1","2538","基泰","-76587.00","66199.00","-423186.00","--","-433574.00","1217475.00","783901.00"
"115/10/09","115","1","2539","櫻花建","1526569.00","-8984.00","-1391794.00","--","125791.00","5585934.00","5711725.00"
"115/10/09","115","1","2540","愛山林","-1954299.00","-405090.00","1082210.00","--","-1277179.00","4848658.00","3571479.00"
"115/10/09","115","1","2542","興富發","10502225.00","-1440417.00","-4459273.00","753.00","4603288.00","13426722.00","18030010.00"
"115/10/09","115","1","2543","皇昌","345157.00","-1498370.00","824945.00","--","-328268.00","1328954.00","1000686.00"
"115/10/09","115","1","2545","皇翔","-1773564.00","-1651.00","2185701.00","--","410486.00","963516.00","1374002.00"
"115/10/09","115","1","2546","根基","1783455.00","-4298.00","-114465.00","--","1664692.00","6189757.00","7854449.00"
"115/10/09","115","1","2547","日勝生","-700124.00","-399104.00","-319516.00","0.00","-1418744.00","3368441.00","1949697.00"
"115/10/09","115","1","2548","華固","43844.00","209502.00","-304616.00","1559.00","-49711.00","7668970.00","7619259.00"
"115/10/09","115","1","2597","潤弘","250089.00","-370956.00","-142303.00","--","-263170.00","1609235.00","1346065.00"
"115/10/09","115","1","2601","益航","323697.00","-20276.00","-424949.00","15050.00","-106478.00","252272.00","145794.00"
"115/10/09","115","1","2603","長榮","18770637.00","-21427783.00","8234606.00","2987011.00","8564471.00","174901908.00","183466379.00"
"115/10/09","115","1","2605","新興","779244.00","-84748.00","36741.00","80222.00","811459.00","4065964.00","4877423.00"
"115/10/09","115","1","2606","裕民","1700152.00","-651299.00","-92217.00","316020.00","1272656.00","17164684.00","18437340.00"
"115/10/09","115","1","2607","榮運","738669.00","-3231767.00","1745538.00","10053.00","-737507.00","4908078.00","4170571.00"
"115/10/09","115","1","2608","嘉里大榮","552771.00","-102044.00","-8775.00","--","441952.00","1834610.00","2276562.00"
"115/10/09","115","1","2609","陽明","11979083.00","17521024.00","-1941987.00","1917675.00","29475795.00","106533812.00","136009607.00"
"115/10/09","115","1","2610","華航","12993999.00","-18883296.00","690187.00","358355.00","-4840755.00","57551666.00","52710911.00"
"115/10/09","115","1","2611","志信","170661.00","141444.00","-228000.00","--","84105.00","450345.00","534450.00"
"115/10/09","115","1","2612","中航","431176.00","-547826.00","-73518.00","31060.00","-159108.00","3172162.00","3013054.00"
"115/10/09","115","1","2613","中櫃","186972.00","-309927.00","147067.00","--","24112.00","720576.00","744688.00"
"115/10/09","115","1","2614","東森","313052.00","-841587.00","763890.00","430.00","235785.00","3205042.00","3440827.00"
"115/10/09","115","1","2615","萬海","9694778.00","-16289687.00","-4875763.00","1456088.00","-10014584.00","109494384.00","99479800.00"
"115/10/09","115","1","2616","山隆","-156231.00","-354948.00","-46400.00","2527.00","-555052.00","1655633.00","1100581.00"
"115/10/09","115","1","2617","台航","579876.00","-540920.00","-482215.00","16959.00","-426300.00","1347324.00","921024.00"
"115/10/09","115","1","2618","長榮航","26186120.00","-8669136.00","-6074479.00","6557.00","11449062.00","83608362.00","95057424.00"
"115/10/09","115","1","2630","亞航","-19883.00","-32539.00","9788.00","814.00","-41820.00","226727.00","184907.00"
"115/10/09","115","1","2633","台灣高鐵","7800137.00","-6135241.00","-53634.00","1367.00","1612629.00","4799873.00","6412502.00"
"115/10/09","115","1","2634","漢翔","2946178.00","-311864.00","-2904442.00","18401.00","-251727.00","2433153.00","2181426.00"
"115/10/09","115","1","2636","台驊控股","-218952.00","-521430.00","-279343.00","228727.00","-790998.00","8854562.00","8063564.00"
"115/10/09","115","1","2637","慧洋-KY","2340561.00","-1598806.00","372706.00","100449.00","1214910.00","4760165.00","5975075.00"
"115/10/09","115","1","2642","宅配通","35360.00","-4176.00","-79548.00","157.00","-48207.00","696968.00","648761.00"
"115/10/09","115","1","2645","長榮航太","752882.00","-70889.00","-144698.00","--","537295.00","5315021.00","5852316.00"
"115/10/09","115","1","2646","星宇航空","4952140.00","-11866211.00","5768620.00","16227.00","-1129224.00","15339816.00","14210592.00"
"115/10/09","115","1","2701","萬企","54177.00","-36998.00","-4946.00","--","12233.00","245008.00","257241.00"
"115/10/09","115","1","2702","華園","114361.00","212885.00","-8646.00","19270.00","337870.00","1265751.00","1603621.00"
"115/10/09","115","1","2704","國賓","235164.00","329571.00","38490.00","--","603225.00","3355119.00","3958344.00"
"115/10/09","115","1","2705","六福","39955.00","-178362.00","131880.00","600.00","-5927.00","414837.00","408910.00"
"115/10/09","115","1","2706","第一店","63473.00","-43180.00","-1214.00","--","19079.00","257319.00","276398.00"
"115/10/09","115","1","2707","晶華","134077.00","644467.00","-111110.00","7676.00","675110.00","125235.00","800345.00"
"115/10/09","115","1","2712","遠雄來","5543.00","-1227.00","-6096.00","--","-1780.00","44393.00","42613.00"
"115/10/09","115","1","2722","夏都","-4459.00","-74433.00","92896.00","--","14004.00","174131.00","188135.00"
"115/10/09","115","1","2723","美食-KY","481001.00","-719732.00","-435649.00","-24140.00","-698520.00","3221232.00","2522712.00"
"115/10/09","115","1","2727","王品","804751.00","-447884.00","-470766.00","41688.00","-72211.00","3225808.00","3153597.00"
"115/10/09","115","1","2731","雄獅","826473.00","14471.00","-64514.00","5407.00","781837.00","6545458.00","7327295.00"
"115/10/09","115","1","2739","寒舍","362790.00","-28216.00","-272245.00","--","62329.00","699055.00","761384.00"
"115/10/09","115","1","2748","雲品","5147.00","-13390.00","-35867.00","316.00","-43794.00","1273059.00","1229265.00"
"115/10/09","115","1","2753","八方雲集","369826.00","-40763.00","-369984.00","11855.00","-29066.00","1518020.00","1488954.00"
"115/10/09","115","1","2762","世界健身-KY","816035.00","-121780.00","-756657.00","697.00","-61705.00","1006860.00","945155.00"
"115/10/09","115","1","2901","欣欣","10452.00","500.00","-1066.00","--","9886.00","483051.00","492937.00"
"115/10/09","115","1","2903","遠百","-683140.00","-1726647.00","-1417525.00","51650.00","-3775662.00","14962987.00","11187325.00"
"115/10/09","115","1","2904","匯僑","28676.00","-12797.00","-19941.00","2908.00","-1154.00","152085.00","150931.00"
"115/10/09","115","1","2906","高林","30302.00","-88385.00","79296.00","6822.00","28035.00","960450.00","988485.00"
"115/10/09","115","1","2908","特力","-379504.00","698.00","905719.00","12761.00","539674.00","1881960.00","2421634.00"
"115/10/09","115","1","2910","統領","116110.00","-106158.00","39101.00","--","49053.00","130647.00","179700.00"
"115/10/09","115","1","2911","麗嬰房","-66267.00","-61512.00","-5851.00","14319.00","-119311.00","823697.00","704386.00"
"115/10/09","115","1","2912","統一超","8830177.00","-5549435.00","-4360166.00","433906.00","-645518.00","50182134.00","49536616.00"
"115/10/09","115","1","2913","農林","-1984.00","-2823.00","8623.00","--","3816.00","65051.00","68867.00"
"115/10/09","115","1","2915","潤泰全","-602436.00","185118.00","-266777.00","66271.00","-617824.00","4587670.00","3969846.00"
"115/10/09","115","1","2923","鼎固-KY","-2350671.00","-2093519.00","1025939.00","187292.00","-3230959.00","7874380.00","4643421.00"
"115/10/09","115","1","2929","淘帝-KY","-247006.00","5830.00","-313.00","38086.00","-203403.00","997139.00","793736.00"
"115/10/09","115","1","2939","永邑-KY","-3328.00","-20663.00","-2399.00","1727.00","-24663.00","477196.00","452533.00"
"115/10/09","115","1","2945","三商家購","79308.00","187289.00","64936.00","--","331533.00","330587.00","662120.00"
"115/10/09","115","1","3002","歐格","-32073.00","30042.00","-14285.00","18071.00","1755.00","656939.00","658694.00"
"115/10/09","115","1","3003","健和興","-184299.00","48347.00","-19294.00","8634.00","-146612.00","2396218.00","2249606.00"
"115/10/09","115","1","3004","豐達科","32365.00","-204941.00","149556.00","18520.00","-4500.00","225228.00","220728.00"
"115/10/09","115","1","3005","神基","410974.00","-649115.00","27765.00","405937.00","195561.00","13820400.00","14015961.00"
"115/10/09","115","1","3006","晶豪科","3012833.00","-163666.00","-347407.00","2658.00","2504418.00","4526863.00","7031281.00"
"115/10/09","115","1","3008","大立光","9316789.00","-2411596.00","-4868405.00","1044613.00","3081401.00","115941697.00","119023098.00"
"115/10/09","115","1","3010","華立","35254.00","281714.00","-820497.00","334299.00","-169230.00","7333786.00","7164556.00"
"115/10/09","115","1","3011","今皓","-87019.00","-11387.00","48735.00","2085.00","-47586.00","239714.00","192128.00"
"115/10/09","115","1","3013","晟銘電","-120050.00","-203266.00","64502.00","26540.00","-232274.00","1047670.00","815396.00"
"115/10/09","115","1","3014","聯陽","-386594.00","-30151.00","-1812.00","-149.00","-418706.00","2883331.00","2464625.00"
"115/10/09","115","1","3015","全漢","-208830.00","57007.00","-49258.00","43577.00","-157504.00","3452598.00","3295094.00"
"115/10/09","115","1","3016","嘉晶","256075.00","-28480.00","79644.00","-4.00","307235.00","2285955.00","2593190.00"
"115/10/09","115","1","3017","奇鋐","13673650.00","-6674550.00","1212472.00","1138876.00","9350448.00","58529798.00","67880246.00"
"115/10/09","115","1","3018","隆銘綠能","-70557.00","-6474.00","-3296.00","-303.00","-80630.00","122331.00","41701.00"
"115/10/09","115","1","3019","亞光","148656.00","-352371.00","-7077.00","373491.00","162699.00","12151793.00","12314492.00"
"115/10/09","115","1","3021","鴻名","38255.00","-13384.00","-59118.00","20144.00","-14103.00","1006189.00","992086.00"
"115/10/09","115","1","3022","威強電","-377185.00","1153914.00","89361.00","79543.00","945633.00","2487337.00","3432970.00"
"115/10/09","115","1","3023","信邦","-385688.00","-159231.00","-88520.00","297493.00","-335946.00","6688786.00","6352840.00"
"115/10/09","115","1","3024","憶聲","-166645.00","-67896.00","137893.00","7181.00","-89467.00","809256.00","719789.00"
"115/10/09","115","1","3025","星通","90254.00","37.00","-100510.00","762.00","-9457.00","301161.00","291704.00"
"115/10/09","115","1","3026","禾伸堂","605085.00","-96540.00","-769997.00","23291.00","-238161.00","4619044.00","4380883.00"
"115/10/09","115","1","3027","盛達","64487.00","-21511.00","58478.00","-2090.00","99364.00","540932.00","640296.00"
"115/10/09","115","1","3028","增你強","-4216712.00","-4919.00","4865626.00","154896.00","798891.00","2513681.00","3312572.00"
"115/10/09","115","1","3029","零壹","-78299.00","35034.00","-167904.00","30769.00","-180400.00","3091546.00","2911146.00"
"115/10/09","115","1","3030","德律","522634.00","-50968.00","-7623.00","27735.00","491778.00","1292581.00","1784359.00"
"115/10/09","115","1","3031","佰鴻","4205.00","706.00","-64160.00","32157.00","-27092.00","891965.00","864873.00"
"115/10/09","115","1","3032","偉訓","46365.00","521326.00","-3931.00","24433.00","588193.00","2638405.00","3226598.00"
"115/10/09","115","1","3033","威健","1891169.00","40015.00","-1097207.00","169259.00","1003236.00","2949810.00","3953046.00"
"115/10/09","115","1","3034","聯詠","6877960.00","-374899.00","-21553.00","19134.00","6500642.00","42418895.00","48919537.00"
"115/10/09","115","1","3035","智原","903967.00","-254014.00","393721.00","58511.00","1102185.00","7280842.00","8383027.00"
"115/10/09","115","1","3036","文曄","-8440125.00","300705.00","17488203.00","992973.00","10341756.00","28138755.00","38480511.00"
"115/10/09","115","1","3037","欣興","5832670.00","-4622671.00","3345320.00","752150.00","5307469.00","54871781.00","60179250.00"
"115/10/09","115","1","3038","全台","-81015.00","-97283.00","-60228.00","-8990.00","-247516.00","1193766.00","946250.00"
"115/10/09","115","1","3040","遠見","-25507.00","-45630.00","-164113.00","83.00","-235167.00","955817.00","720650.00"
"115/10/09","115","1","3041","揚智","-167680.00","-84013.00","354991.00","2227.00","105525.00","599532.00","705057.00"
"115/10/09","115","1","3042","晶技","496790.00","-850678.00","154827.00","107949.00","-91112.00","3877499.00","3786387.00"
"115/10/09","115","1","3043","科風","65879.00","-51577.00","-5425.00","-770.00","8107.00","202426.00","210533.00"
"115/10/09","115","1","3044","健鼎","4199825.00","-7624765.00","-2022792.00","634907.00","-4812825.00","26659071.00","21846246.00"
"115/10/09","115","1","3045","台灣大","10736177.00","-5629606.00","-3611823.00","2165.00","1496913.00","8565239.00","10062152.00"
"115/10/09","115","1","3046","建��","9651.00","-1398.00","3265.00","4783.00","16301.00","1807419.00","1823720.00"
"115/10/09","115","1","3047","訊舟","4010.00","-9812.00","119113.00","2897.00","116208.00","1561317.00","1677525.00"
"115/10/09","115","1","3048","益登","1124785.00","-153603.00","-439802.00","-26092.00","505288.00","2313389.00","2818677.00"
"115/10/09","115","1","3049","精金","177630.00","-7544.00","-466837.00","141.00","-296610.00","2165512.00","1868902.00"
"115/10/09","115","1","3050","鈺德","-2860.00","14925.00","-100174.00","-52.00","-88161.00","1470749.00","1382588.00"
"115/10/09","115","1","3051","力特","122462.00","-32276.00","-75857.00","-1011.00","13318.00","159062.00","172380.00"
"115/10/09","115","1","3052","夆典","727435.00","3291.00","-580933.00","--","149793.00","709549.00","859342.00"
"115/10/09","115","1","3054","立萬利","11070.00","5.00","-159.00","-892.00","10024.00","146370.00","156394.00"
"115/10/09","115","1","3055","蔚華科","-86716.00","90098.00","-12460.00","17877.00","8799.00","829151.00","837950.00"
"115/10/09","115","1","3056","富華新","-20810.00","-117096.00","-452928.00","--","-590834.00","3839994.00","3249160.00"
"115/10/09","115","1","3057","喬鼎","-56824.00","13.00","27851.00","3817.00","-25143.00","325227.00","300084.00"
"115/10/09","115","1","3058","立德","-215923.00","187039.00","9805.00","3739.00","-15340.00","450478.00","435138.00"
"115/10/09","115","1","3059","華晶科","-245047.00","502703.00","-2986.00","91770.00","346440.00","4745485.00","5091925.00"
"115/10/09","115","1","3060","銘異","-77445.00","-41377.00","-53331.00","28959.00","-143194.00","657254.00","514060.00"
"115/10/09","115","1","3062","建漢","-151917.00","45444.00","-34619.00","12660.00","-128432.00","897033.00","768601.00"
"115/10/09","115","1","3090","日電貿","156460.00","-185174.00","-165042.00","4914.00","-188842.00","1568455.00","1379613.00"
"115/10/09","115","1","3092","鴻碩","-63840.00","7430.00","42421.00","-3884.00","-17873.00","671314.00","653441.00"
"115/10/09","115","1","3094","聯傑","29555.00","-464.00","-376.00","2065.00","30780.00","679643.00","710423.00"
"115/10/09","115","1","3130","一零四","46155.00","-228356.00","-10595.00","1457.00","-191339.00","511481.00","320142.00"
"115/10/09","115","1","3135","凌航","-244918.00","-17761.00","339106.00","48.00","76475.00","60849.00","137324.00"
"115/10/09","115","1","3138","耀登","51548.00","-268294.00","64767.00","14743.00","-137236.00","1301246.00","1164010.00"
"115/10/09","115","1","3149","正達","-166186.00","-235733.00","373456.00","2908.00","-25555.00","753797.00","728242.00"
"115/10/09","115","1","3150","鈺寶-創","-21522.00","43424.00","-1839.00","--","20063.00","100225.00","120288.00"
"115/10/09","115","1","3164","景岳","15460.00","36950.00","2196.00","902.00","55508.00","103732.00","159240.00"
"115/10/09","115","1","3167","大量","493832.00","-4182.00","181753.00","63088.00","734491.00","668345.00","1402836.00"
"115/10/09","115","1","3168","眾福科","-27434.00","-10466.00","-3272.00","8943.00","-32229.00","1024524.00","992295.00"
"115/10/09","115","1","3189","景碩","1449456.00","-5263490.00","3130418.00","37416.00","-646200.00","12281237.00","11635037.00"
"115/10/09","115","1","3209","全科","97052.00","-711.00","-342767.00","92642.00","-153784.00","2831935.00","2678151.00"
"115/10/09","115","1","3229","晟鈦","-21489.00","-6768.00","17888.00","--","-10369.00","117403.00","107034.00"
"115/10/09","115","1","3231","緯創","-140605527.00","-13635004.00","106812384.00","2987788.00","-44440359.00","144473847.00","100033488.00"
"115/10/09","115","1","3257","虹冠電","35137.00","930.00","120055.00","216.00","156338.00","153770.00","310108.00"
"115/10/09","115","1","3266","昇陽","-437139.00","-2912.00","493523.00","--","53472.00","933129.00","986601.00"
"115/10/09","115","1","3296","勝德","15494.00","-23718.00","-14346.00","27157.00","4587.00","728642.00","733229.00"
"115/10/09","115","1","3305","昇貿","-988883.00","-279283.00","1556145.00","23929.00","311908.00","2027541.00","2339449.00"
"115/10/09","115","1","3308","聯德","-22349.00","10671.00","-20020.00","3444.00","-28254.00","501031.00","472777.00"
"115/10/09","115","1","3311","閎暉","-72136.00","-43021.00","70010.00","15907.00","-29240.00","698646.00","669406.00"
"115/10/09","115","1","3312","弘憶股","-1996.00","-123931.00","278223.00","13081.00","165377.00","2593094.00","2758471.00"
"115/10/09","115","1","3321","同泰","39901.00","-15781.00","34727.00","22241.00","81088.00","214860.00","295948.00"
"115/10/09","115","1","3338","泰碩","3205.00","-19344.00","-8592.00","23566.00","-1165.00","735273.00","734108.00"
"115/10/09","115","1","3346","麗清","181467.00","129204.00","193584.00","85394.00","589649.00","1628187.00","2217836.00"
"115/10/09","115","1","3356","奇偶","100092.00","67926.00","40085.00","237.00","208340.00","601632.00","809972.00"
"115/10/09","115","1","3376","新日興","312689.00","-245353.00","250291.00","60636.00","378263.00","1500320.00","1878583.00"
"115/10/09","115","1","3380","明泰","-841308.00","-72022.00","1097024.00","28308.00","212002.00","4917583.00","5129585.00"
"115/10/09","115","1","3406","玉晶光","2122222.00","-456293.00","-106455.00","251321.00","1810795.00","10794553.00","12605348.00"
"115/10/09","115","1","3413","京鼎","110652.00","-680437.00","1456369.00","47291.00","933875.00","6625513.00","7559388.00"
"115/10/09","115","1","3416","融程電","-98461.00","-166839.00","-4663.00","3040.00","-266923.00","661775.00","394852.00"
"115/10/09","115","1","3419","譁裕","-26479.00","-3239.00","94324.00","15263.00","79869.00","224534.00","304403.00"
"115/10/09","115","1","3432","台端","-29703.00","-51.00","18054.00","2537.00","-9163.00","152002.00","142839.00"
"115/10/09","115","1","3437","榮創","-60251.00","-42139.00","-715.00","4058.00","-99047.00","1078038.00","978991.00"
"115/10/09","115","1","3443","創意","1745645.00","-723178.00","-24703.00","24520.00","1022284.00","6649696.00","7671980.00"
"115/10/09","115","1","3447","展達","94888.00","-10976.00","-15244.00","13851.00","82519.00","701848.00","784367.00"
"115/10/09","115","1","3450","聯鈞","568566.00","-611472.00","-123910.00","62813.00","-104003.00","2733695.00","2629692.00"
"115/10/09","115","1","3481","群創","8716092.00","-3547245.00","-695728.00","1251485.00","5724604.00","52827139.00","58551743.00"
"115/10/09","115","1","3494","誠研","-24033.00","-15335.00","-902.00","537.00","-39733.00","76040.00","36307.00"
"115/10/09","115","1","3501","維熹","-26618.00","-104115.00","-29045.00","142168.00","-17610.00","1786784.00","1769174.00"
"115/10/09","115","1","3504","揚明光","75590.00","-62643.00","-92608.00","25391.00","-54270.00","1229209.00","1174939.00"
"115/10/09","115","1","3515","華擎","-624361.00","-516528.00","-17679.00","81952.00","-1076616.00","6104360.00","5027744.00"
"115/10/09","115","1","3518","柏騰","71332.00","258698.00","-131222.00","18622.00","217430.00","443330.00","660760.00"
"115/10/09","115","1","3528","安馳","-2141451.00","-580.00","1698352.00","--","-443679.00","801462.00","357783.00"
"115/10/09","115","1","3530","晶相光","891.00","-6218.00","-1838.00","3134.00","-4031.00","1186529.00","1182498.00"
"115/10/09","115","1","3532","台勝科","707143.00","-454291.00","-14123.00","-15996.00","222733.00","1735296.00","1958029.00"
"115/10/09","115","1","3533","嘉澤","2125315.00","-1585503.00","-203817.00","430696.00","766691.00","12499891.00","13266582.00"
"115/10/09","115","1","3535","晶彩科","40394.00","110359.00","-3783.00","2157.00","149127.00","151561.00","300688.00"
"115/10/09","115","1","3543","州巧","-237390.00","-569040.00","1136873.00","33531.00","363974.00","967332.00","1331306.00"
"115/10/09","115","1","3545","敦泰","-84423.00","53631.00","-644388.00","52274.00","-622906.00","4185682.00","3562776.00"
"115/10/09","115","1","3550","聯穎","-201533.00","-4942.00","97779.00","100344.00","-8352.00","884803.00","876451.00"
"115/10/09","115","1","3557","嘉威","152457.00","-187518.00","253333.00","27222.00","245494.00","284134.00","529628.00"
"115/10/09","115","1","3563","牧德","326838.00","-99286.00","1579.00","8694.00","237825.00","1051357.00","1289182.00"
"115/10/09","115","1","3576","聯合再生","-56802.00","2889072.00","-1410497.00","70948.00","1492721.00","5120657.00","6613378.00"
"115/10/09","115","1","3583","辛耘","883076.00","-119971.00","-240683.00","44133.00","566555.00","6687823.00","7254378.00"
"115/10/09","115","1","3588","通嘉","11784.00","-17711.00","-2954.00","12831.00","3950.00","522303.00","526253.00"
"115/10/09","115","1","3591","艾笛森","2878.00","-105363.00","79109.00","22157.00","-1219.00","1018734.00","1017515.00"
"115/10/09","115","1","3592","瑞鼎","-95865.00","557588.00","-350144.00","5415.00","116994.00","3096560.00","3213554.00"
"115/10/09","115","1","3593","力銘","14283.00","-124288.00","-72706.00","3063.00","-179648.00","333678.00","154030.00"
"115/10/09","115","1","3596","智易","5039094.00","744167.00","144322.00","-17618.00","5909965.00","4692290.00","10602255.00"
"115/10/09","115","1","3605","宏致","240640.00","-216877.00","-10156.00","99668.00","113275.00","2483422.00","2596697.00"
"115/10/09","115","1","3607","谷崧","33646.00","-3316.00","-12018.00","26556.00","44868.00","547486.00","592354.00"
"115/10/09","115","1","3617","碩天","177192.00","-133373.00","-40024.00","24952.00","28747.00","4344734.00","4373481.00"
"115/10/09","115","1","3622","洋華","-34317.00","-28152.00","-3591.00","5231.00","-60829.00","602275.00","541446.00"
"115/10/09","115","1","3645","達邁","244705.00","-198205.00","-54541.00","2573.00","-5468.00","575168.00","569700.00"
"115/10/09","115","1","3652","精聯","-20847.00","100946.00","-8388.00","3526.00","75237.00","469354.00","544591.00"
"115/10/09","115","1","3653","健策","1543192.00","-381193.00","-36970.00","-5242.00","1119787.00","9134067.00","10253854.00"
"115/10/09","115","1","3661","世芯-KY","249480.00","-4414501.00","97819.00","571836.00","-3495366.00","32627305.00","29131939.00"
"115/10/09","115","1","3665","貿聯-KY","250919.00","-1175371.00","-677863.00","175652.00","-1426663.00","14395187.00","12968524.00"
"115/10/09","115","1","3669","圓展","-81275.00","-68215.00","-5752.00","-12314.00","-167556.00","1306885.00","1139329.00"
"115/10/09","115","1","3673","TPK-KY","360174.00","4350625.00","-1574626.00","1037617.00","4173790.00","32014730.00","36188520.00"
"115/10/09","115","1","3679","新至陞","281028.00","-165086.00","-150874.00","115383.00","80451.00","4262228.00","4342679.00"
"115/10/09","115","1","3686","達能","-3495.00","41890.00","-651.00","--","37744.00","48973.00","86717.00"
"115/10/09","115","1","3694","海華","-322713.00","-88953.00","-109783.00","50548.00","-470901.00","2494831.00","2023930.00"
"115/10/09","115","1","3701","大眾控","214026.00","-189412.00","-298057.00","120020.00","-153423.00","3262919.00","3109496.00"
"115/10/09","115","1","3702","大聯大","-39711533.00","4083524.00","36433996.00","1842496.00","2648483.00","22355771.00","25004254.00"
"115/10/09","115","1","3703","欣陸","733308.00","-1321951.00","-472233.00","13361.00","-1047515.00","11574752.00","10527237.00"
"115/10/09","115","1","3704","合勤控","-484756.00","-115357.00","190806.00","103760.00","-305547.00","3178855.00","2873308.00"
"115/10/09","115","1","3705","永信","214199.00","-358980.00","67255.00","1810.00","-75716.00","1200865.00","1125149.00"
"115/10/09","115","1","3706","神達","-14002470.00","3550154.00","1381282.00","59048.00","-9011986.00","18794091.00","9782105.00"
"115/10/09","115","1","3708","上緯投控","-573194.00","171094.00","-155374.00","87006.00","-470468.00","5831582.00","5361114.00"
"115/10/09","115","1","3711","日月光投控","36387434.00","-45744766.00","837732.00","3861995.00","-4657605.00","92468851.00","87811246.00"
"115/10/09","115","1","3712","永崴投控","1596242.00","-516037.00","-2747227.00","21397.00","-1645625.00","7746562.00","6100937.00"
"115/10/09","115","1","3714","富采","-270197.00","-730940.00","-345775.00","144650.00","-1202262.00","13385129.00","12182867.00"
"115/10/09","115","1","3715","定穎投控","-718167.00","-3017049.00","5966372.00","416446.00","2647602.00","5526274.00","8173876.00"
"115/10/09","115","1","3716","中化控股","245678.00","-113570.00","54343.00","-15809.00","170642.00","729497.00","900139.00"
"115/10/09","115","1","3717","聯嘉投控","-271429.00","-17597.00","233775.00","25137.00","-30114.00","694997.00","664883.00"
"115/10/09","115","1","4104","佳醫","223998.00","-17032.00","6236.00","17344.00","230546.00","2847128.00","3077674.00"
"115/10/09","115","1","4106","雃博","40584.00","-174.00","-16852.00","-376.00","23182.00","784615.00","807797.00"
"115/10/09","115","1","4108","懷特","-17517.00","5858.00","-2695.00","--","-14354.00","86795.00","72441.00"
"115/10/09","115","1","4119","旭富","36890.00","-145977.00","100411.00","--","-8676.00","60625.00","51949.00"
"115/10/09","115","1","4133","亞諾法","22875.00","-4237.00","-1390.00","-205.00","17043.00","377832.00","394875.00"
"115/10/09","115","1","4137","麗豐-KY","51546.00","506058.00","-42894.00","119295.00","634005.00","3750352.00","4384357.00"
"115/10/09","115","1","4142","國光生","-209566.00","-70041.00","-113112.00","-1053.00","-393772.00","2186487.00","1792715.00"
"115/10/09","115","1","4148","全宇生技-KY","195850.00","22980.00","-118280.00","13013.00","113563.00","1023128.00","1136691.00"
"115/10/09","115","1","4155","訊映","58701.00","-51798.00","-14141.00","-1441.00","-8679.00","314473.00","305794.00"
"115/10/09","115","1","4164","承業醫","-222255.00","-66310.00","73639.00","3432.00","-211494.00","1786493.00","1574999.00"
"115/10/09","115","1","4169","泰宗","-5419.00","-554.00","53508.00","-38.00","47497.00","245070.00","292567.00"
"115/10/09","115","1","4178","永笙-KY","-20976.00","340188.00","-1694.00","42278.00","359796.00","1680173.00","2039969.00"
"115/10/09","115","1","4190","佐登-KY","98610.00","198208.00","-84335.00","14062.00","226545.00","529442.00","755987.00"
"115/10/09","115","1","4195","基米-創","-52645.00","-2309.00","12499.00","272.00","-42183.00","138297.00","96114.00"
"115/10/09","115","1","4306","炎洲","-109185.00","-129276.00","56963.00","90086.00","-91412.00","2829813.00","2738401.00"
"115/10/09","115","1","4414","如興","652519.00","-195169.00","-221657.00","-25286.00","210407.00","297943.00","508350.00"
"115/10/09","115","1","4426","利勤","-7663.00","-17194.00","-34404.00","-11275.00","-70536.00","295147.00","224611.00"
"115/10/09","115","1","4438","廣越","-1696447.00","253961.00","955254.00","83654.00","-403578.00","2222982.00","1819404.00"
"115/10/09","115","1","4439","冠星-KY","-65023.00","-115676.00","239890.00","29105.00","88296.00","517568.00","605864.00"
"115/10/09","115","1","4440","宜新實業","153941.00","-974.00","-139203.00","--","13764.00","79718.00","93482.00"
"115/10/09","115","1","4441","振大環球","250633.00","-435836.00","128601.00","3440.00","-53162.00","1987619.00","1934457.00"
"115/10/09","115","1","4526","東台","-638709.00","-55689.00","534743.00","41247.00","-118408.00","1223728.00","1105320.00"
"115/10/09","115","1","4532","瑞智","1096221.00","-1684768.00","-316084.00","110044.00","-794587.00","4201413.00","3406826.00"
"115/10/09","115","1","4536","拓凱","249181.00","-75897.00","-27543.00","69548.00","215289.00","5482444.00","5697733.00"
"115/10/09","115","1","4540","全球傳動","-318403.00","-30606.00","40686.00","6405.00","-301918.00","677168.00","375250.00"
"115/10/09","115","1","4545","銘鈺","-98922.00","-27836.00","43570.00","13826.00","-69362.00","648799.00","579437.00"
"115/10/09","115","1","4551","智伸科","305449.00","216933.00","-145769.00","114187.00","490800.00","4963021.00","5453821.00"
"115/10/09","115","1","4552","力達-KY","31332.00","2208.00","137040.00","77459.00","248039.00","2545766.00","2793805.00"
"115/10/09","115","1","4555","氣立","58062.00","-7696.00","-35199.00","7513.00","22680.00","690643.00","713323.00"
"115/10/09","115","1","4557","永新-KY","117568.00","-588125.00","-26449.00","63175.00","-433831.00","1598201.00","1164370.00"
"115/10/09","115","1","4560","強信-KY","-1305.00","-27144.00","--","17892.00","-10557.00","701898.00","691341.00"
"115/10/09","115","1","4562","穎漢","-36843.00","9266.00","23777.00","3771.00","-29.00","169142.00","169113.00"
"115/10/09","115","1","4564","元翎","-7303.00","-595.00","4640.00","3253.00","-5.00","739833.00","739828.00"
"115/10/09","115","1","4566","時碩工業","115220.00","-179491.00","-17261.00","36752.00","-44780.00","2089586.00","2044806.00"
"115/10/09","115","1","4569","六方科-KY","134653.00","-47756.00","-165.00","-12094.00","74638.00","835252.00","909890.00"
"115/10/09","115","1","4571","鈞興-KY","94724.00","-134738.00","-374.00","51338.00","10950.00","871725.00","882675.00"
"115/10/09","115","1","4572","駐龍","21865.00","-159929.00","-1006.00","--","-139070.00","478622.00","339552.00"
"115/10/09","115","1","4576","大銀微系統","26365.00","-94222.00","-8617.00","10683.00","-65791.00","805629.00","739838.00"
"115/10/09","115","1","4581","光隆精密-KY","40407.00","-219259.00","-20651.00","21611.00","-177892.00","1058186.00","880294.00"
"115/10/09","115","1","4582","聚恆-創","-351525.00","-1300.00","201440.00","--","-151385.00","549059.00","397674.00"
"115/10/09","115","1","4583","台灣精銳","337602.00","573516.00","-23566.00","--","887552.00","1351775.00","2239327.00"
"115/10/09","115","1","4585","達明","-49729.00","368824.00","-54079.00","-4448.00","260568.00","343042.00","603610.00"
"115/10/09","115","1","4588","玖鼎電力","-10862.00","25444.00","108377.00","--","122959.00","356922.00","479881.00"
"115/10/09","115","1","4590","富田-創","-83083.00","64362.00","162799.00","--","144078.00","1893584.00","2037662.00"
"115/10/09","115","1","4720","德淵","23059.00","-18864.00","-36076.00","22464.00","-9417.00","576644.00","567227.00"
"115/10/09","115","1","4722","國精化","-326996.00","-233535.00","717565.00","13763.00","170797.00","271438.00","442235.00"
"115/10/09","115","1","4736","泰博","233571.00","50899.00","-10142.00","7797.00","282125.00","2070468.00","2352593.00"
"115/10/09","115","1","4737","華廣","9652.00","-32393.00","-16257.00","3350.00","-35648.00","423124.00","387476.00"
"115/10/09","115","1","4739","康普","-512791.00","-122310.00","1013672.00","7554.00","386125.00","3316505.00","3702630.00"
"115/10/09","115","1","4746","台耀","156895.00","-118245.00","-22717.00","-13.00","15920.00","1140826.00","1156746.00"
"115/10/09","115","1","4755","三福化","243169.00","-57771.00","-188872.00","-3794.00","-7268.00","930682.00","923414.00"
"115/10/09","115","1","4763","材料*-KY","979649.00","56105.00","30157.00","511955.00","1577866.00","8510178.00","10088044.00"
"115/10/09","115","1","4764","雙鍵","55951.00","-49808.00","-54314.00","20397.00","-27774.00","1101222.00","1073448.00"
"115/10/09","115","1","4766","南寶","622551.00","-14406.00","1053.00","151313.00","760511.00","7346151.00","8106662.00"
"115/10/09","115","1","4770","上品","388676.00","-693857.00","-25272.00","39822.00","-290631.00","3227950.00","2937319.00"
"115/10/09","115","1","4771","望隼","321613.00","-421608.00","25314.00","24935.00","-49746.00","989443.00","939697.00"
"115/10/09","115","1","4807","日成-KY","-23983.00","-19274.00","117633.00","958.00","75334.00","90822.00","166156.00"
"115/10/09","115","1","4904","遠傳","9558297.00","-1388589.00","-8162818.00","-829.00","6061.00","7143481.00","7149542.00"
"115/10/09","115","1","4906","正文","-490878.00","-550942.00","631231.00","50350.00","-360239.00","6031220.00","5670981.00"
"115/10/09","115","1","4912","聯德控股-KY","3953.00","992517.00","-635445.00","26623.00","387648.00","1445923.00","1833571.00"
"115/10/09","115","1","4915","致伸","-627725.00","-737254.00","1483463.00","474019.00","592503.00","12289381.00","12881884.00"
"115/10/09","115","1","4916","事欣科","143039.00","124839.00","-487231.00","11336.00","-208017.00","1118038.00","910021.00"
"115/10/09","115","1","4919","新唐","-687559.00","44012.00","439916.00","70050.00","-133581.00","7202511.00","7068930.00"
"115/10/09","115","1","4927","泰鼎-KY","36788.00","-215183.00","110863.00","-47893.00","-115425.00","705108.00","589683.00"
"115/10/09","115","1","4930","燦星網","6958.00","-290924.00","-1093.00","44371.00","-240688.00","2345578.00","2104890.00"
"115/10/09","115","1","4934","太極","53818.00","-23327.00","-20127.00","7555.00","17919.00","388331.00","406250.00"
"115/10/09","115","1","4935","茂林-KY","51758.00","47491.00","-93839.00","65301.00","70711.00","4532752.00","4603463.00"
"115/10/09","115","1","4938","和碩","1685500.00","-19848787.00","8808606.00","2266101.00","-7088580.00","119380486.00","112291906.00"
"115/10/09","115","1","4942","嘉彰","252354.00","377581.00","-456376.00","47969.00","221528.00","1200716.00","1422244.00"
"115/10/09","115","1","4943","康控-KY","-172418.00","4513.00","179996.00","10142.00","22233.00","103213.00","125446.00"
"115/10/09","115","1","4949","有成精密","-92599.00","-13404.00","25256.00","-2977.00","-83724.00","871900.00","788176.00"
"115/10/09","115","1","4952","凌通","-15412.00","4982.00","14591.00","-1085.00","3076.00","872252.00","875328.00"
"115/10/09","115","1","4956","光鋐","-16078.00","-27602.00","-23270.00","612.00","-66338.00","290898.00","224560.00"
"115/10/09","115","1","4958","臻鼎-KY","10949337.00","-12126340.00","10576935.00","1926725.00","11326657.00","71116372.00","82443029.00"
"115/10/09","115","1","4960","誠美材","383016.00","-137147.00","-443157.00","-74808.00","-272096.00","2722541.00","2450445.00"
"115/10/09","115","1","4961","天鈺","838795.00","-849343.00","-394243.00","93075.00","-311716.00","2325895.00","2014179.00"
"115/10/09","115","1","4967","十銓","-3984123.00","-328440.00","4903998.00","2098.00","593533.00","708402.00","1301935.00"
"115/10/09","115","1","4968","立積","-27440.00","240260.00","-8211.00","10774.00","215383.00","704595.00","919978.00"
"115/10/09","115","1","4976","佳凌","-85695.00","-11283.00","-23975.00","--","-120953.00","940169.00","819216.00"
"115/10/09","115","1","4977","眾達-KY","-488456.00","383092.00","17960.00","8227.00","-79177.00","525545.00","446368.00"
"115/10/09","115","1","4989","榮科","-126517.00","-29226.00","251805.00","731.00","96793.00","88420.00","185213.00"
"115/10/09","115","1","4994","傳奇","220.00","-28.00","-8902.00","-1.00","-8711.00","1052033.00","1043322.00"
"115/10/09","115","1","4999","鑫禾","37705.00","67100.00","-32224.00","16184.00","88765.00","287705.00","376470.00"
"115/10/09","115","1","5007","三星","355751.00","312902.00","3504.00","3540.00","675697.00","1426842.00","2102539.00"
"115/10/09","115","1","5203","訊連","6728.00","-53999.00","-2163.00","1957.00","-47477.00","590113.00","542636.00"
"115/10/09","115","1","5215","科嘉-KY","-8801.00","152550.00","98873.00","11652.00","254274.00","535040.00","789314.00"
"115/10/09","115","1","5222","全訊","67906.00","51611.00","-37609.00","--","81908.00","314837.00","396745.00"
"115/10/09","115","1","5225","東科-KY","181092.00","-39274.00","-40570.00","47370.00","148618.00","1796680.00","1945298.00"
"115/10/09","115","1","5234","達興材料","230942.00","-216512.00","-31070.00","--","-16640.00","247361.00","230721.00"
"115/10/09","115","1","5236","凌陽創新","68709.00","-61758.00","-1404.00","790.00","6337.00","2049608.00","2055945.00"
"115/10/09","115","1","5243","乙盛-KY","173955.00","-263786.00","63794.00","11639.00","-14398.00","4540187.00","4525789.00"
"115/10/09","115","1","5244","弘凱","-34416.00","-853.00","57728.00","18173.00","40632.00","946529.00","987161.00"
"115/10/09","115","1","5258","虹堡","-90327.00","-81318.00","78353.00","21464.00","-71828.00","2236358.00","2164530.00"
"115/10/09","115","1","5269","祥碩","1096678.00","162593.00","-540268.00","18689.00","737692.00","4988751.00","5726443.00"
"115/10/09","115","1","5283","禾聯碩","-618516.00","-194523.00","538192.00","--","-274847.00","951443.00","676596.00"
"115/10/09","115","1","5284","jpp-KY","292929.00","-75117.00","-19539.00","-7934.00","190339.00","642561.00","832900.00"
"115/10/09","115","1","5285","界霖","-133146.00","-16284.00","-30920.00","60919.00","-119431.00","1377765.00","1258334.00"
"115/10/09","115","1","5288","豐祥-KY","-42675.00","65526.00","170585.00","62623.00","256059.00","1271467.00","1527526.00"
"115/10/09","115","1","5292","華懋","293431.00","163426.00","-30022.00","7761.00","434596.00","952334.00","1386930.00"
"115/10/09","115","1","5306","桂盟","229072.00","97822.00","-117072.00","174353.00","384175.00","2149128.00","2533303.00"
"115/10/09","115","1","5388","中磊","-3222906.00","-232252.00","2559814.00","46715.00","-848629.00","5759324.00","4910695.00"
"115/10/09","115","1","5434","崇越","474211.00","-511052.00","-279424.00","106768.00","-209497.00","6828704.00","6619207.00"
"115/10/09","115","1","5469","瀚宇博","-789053.00","-370024.00","3837052.00","700835.00","3378810.00","23136146.00","26514956.00"
"115/10/09","115","1","5471","松翰","122997.00","89753.00","95.00","15283.00","228128.00","1220660.00","1448788.00"
"115/10/09","115","1","5484","慧友","133151.00","-143496.00","25601.00","169.00","15425.00","60723.00","76148.00"
"115/10/09","115","1","5515","建國","165337.00","-232879.00","-14577.00","2835.00","-79284.00","2349801.00","2270517.00"
"115/10/09","115","1","5519","隆大","-111451.00","32583.00","-405034.00","5.00","-483897.00","3067558.00","2583661.00"
"115/10/09","115","1","5521","工信","-703937.00","-104729.00","421469.00","--","-387197.00","2193136.00","1805939.00"
"115/10/09","115","1","5522","遠雄","-1777968.00","276247.00","98009.00","--","-1403712.00","9971964.00","8568252.00"
"115/10/09","115","1","5525","順天","750028.00","-1524.00","-1082514.00","--","-334010.00","514423.00","180413.00"
"115/10/09","115","1","5531","鄉林","-146499.00","-147353.00","345449.00","-246233.00","-194636.00","501190.00","306554.00"
"115/10/09","115","1","5533","皇鼎","-55388.00","-11340.00","-28780.00","--","-95508.00","2428022.00","2332514.00"
"115/10/09","115","1","5534","長虹","-460594.00","-61227.00","-385098.00","--","-906919.00","2338936.00","1432017.00"
"115/10/09","115","1","5538","東明-KY","333359.00","433169.00","-443141.00","137055.00","460442.00","2064511.00","2524953.00"
"115/10/09","115","1","5546","永固-KY","-20108.00","-2360.00","-11588.00","66518.00","32462.00","130866.00","163328.00"
"115/10/09","115","1","5607","遠雄港","534872.00","-133176.00","-575329.00","--","-173633.00","858619.00","684986.00"
"115/10/09","115","1","5608","四維航","202572.00","-105296.00","-634923.00","66761.00","-470886.00","1991995.00","1521109.00"
"115/10/09","115","1","5706","鳳凰","11382.00","54864.00","-56956.00","1476.00","10766.00","191196.00","201962.00"
"115/10/09","115","1","5871","中租-KY","6104611.00","-1818647.00","-225851.00","-191736.00","3868377.00","33923082.00","37791459.00"
"115/10/09","115","1","5906","台南-KY","82494.00","-29101.00","-25243.00","--","28150.00","146764.00","174914.00"
"115/10/09","115","1","5907","大洋-KY","18077.00","-55061.00","73533.00","16936.00","53485.00","243883.00","297368.00"
"115/10/09","115","1","6108","競國","-319731.00","-466924.00","753201.00","35829.00","2375.00","3007388.00","3009763.00"
"115/10/09","115","1","6112","邁達特","-1853659.00","-22309.00","1480018.00","21460.00","-374490.00","1724124.00","1349634.00"
"115/10/09","115","1","6115","鎰勝","-34194.00","3723.00","-109117.00","82642.00","-56946.00","1731951.00","1675005.00"
"115/10/09","115","1","6116","彩晶","-872897.00","64231.00","-279878.00","13172.00","-1075372.00","5091499.00","4016127.00"
"115/10/09","115","1","6117","迎廣","227489.00","-309753.00","-45878.00","8579.00","-119563.00","839711.00","720148.00"
"115/10/09","115","1","6120","達運","559622.00","-519302.00","158457.00","126391.00","325168.00","4859611.00","5184779.00"
"115/10/09","115","1","6128","上福","33732.00","-49726.00","-76274.00","-11552.00","-103820.00","688261.00","584441.00"
"115/10/09","115","1","6133","金橋","2840.00","-29492.00","18399.00","20661.00","12408.00","377098.00","389506.00"
"115/10/09","115","1","6136","富爾特","-27430.00","26988.00","-92860.00","1540.00","-91762.00","402038.00","310276.00"
"115/10/09","115","1","6139","亞翔","-2607990.00","65883.00","507255.00","578374.00","-1456478.00","43537242.00","42080764.00"
"115/10/09","115","1","6141","柏承","-25168.00","-19575.00","-16372.00","17588.00","-43527.00","135636.00","92109.00"
"115/10/09","115","1","6142","友勁","-98771.00","65334.00","-104926.00","4640.00","-133723.00","800379.00","666656.00"
"115/10/09","115","1","6152","百一","-122486.00","-636.00","65247.00","8290.00","-49585.00","801209.00","751624.00"
"115/10/09","115","1","6153","嘉聯益","-223780.00","42416.00","-29749.00","5376.00","-205737.00","2930162.00","2724425.00"
"115/10/09","115","1","6155","鈞寶","14002.00","-11702.00","3996.00","5770.00","12066.00","287371.00","299437.00"
"115/10/09","115","1","6164","華興","17235.00","-2722.00","31443.00","6319.00","52275.00","399753.00","452028.00"
"115/10/09","115","1","6165","浪凡","124875.00","-253591.00","-48507.00","386.00","-176837.00","1003515.00","826678.00"
"115/10/09","115","1","6166","凌華","92469.00","-5343.00","-201056.00","26860.00","-87070.00","2458627.00","2371557.00"
"115/10/09","115","1","6168","宏齊","-32748.00","63461.00","-996.00","-480.00","29237.00","307440.00","336677.00"
"115/10/09","115","1","6176","瑞儀","-210725.00","-1995076.00","1932660.00","659582.00","386441.00","34687934.00","35074375.00"
"115/10/09","115","1","6177","達麗","-3076869.00","-1019.00","2733018.00","2432.00","-342438.00","1038727.00","696289.00"
"115/10/09","115","1","6183","關貿","340711.00","-224099.00","-8969.00","1445.00","109088.00","767475.00","876563.00"
"115/10/09","115","1","6184","大豐電","58259.00","24608.00","-481932.00","--","-399065.00","3062007.00","2662942.00"
"115/10/09","115","1","6189","豐藝","292164.00","-31485.00","-148511.00","1480.00","113648.00","2900843.00","3014491.00"
"115/10/09","115","1","6191","精成科","-869262.00","-148694.00","-72042.00","281785.00","-808213.00","12909303.00","12101090.00"
"115/10/09","115","1","6192","巨路","189682.00","66677.00","-14214.00","46019.00","288164.00","1794824.00","2082988.00"
"115/10/09","115","1","6196","帆宣","1411319.00","-164793.00","-1678640.00","89713.00","-342401.00","13013564.00","12671163.00"
"115/10/09","115","1","6197","佳必琪","391916.00","-16836.00","-13572.00","29498.00","391006.00","2071557.00","2462563.00"
"115/10/09","115","1","6201","亞弘電","52526.00","130330.00","-7643.00","17692.00","192905.00","576994.00","769899.00"
"115/10/09","115","1","6202","盛群","45307.00","-371715.00","-251679.00","15137.00","-562950.00","1495204.00","932254.00"
"115/10/09","115","1","6205","詮欣","57928.00","-23613.00","-4801.00","1754.00","31268.00","640635.00","671903.00"
"115/10/09","115","1","6206","飛捷","-197541.00","231192.00","-2979.00","9422.00","40094.00","2218400.00","2258494.00"
"115/10/09","115","1","6209","今國光","112592.00","-85465.00","23608.00","-3756.00","46979.00","387932.00","434911.00"
"115/10/09","115","1","6213","聯茂","-543642.00","-1170860.00","-22194.00","310554.00","-1426142.00","4989377.00","3563235.00"
"115/10/09","115","1","6214","精誠","-1512331.00","56630.00","807605.00","38264.00","-609832.00","5095330.00","4485498.00"
"115/10/09","115","1","6215","和椿","251453.00","23505.00","-206712.00","1908.00","70154.00","401029.00","471183.00"
"115/10/09","115","1","6216","居易","3434.00","76940.00","--","--","80374.00","344437.00","424811.00"
"115/10/09","115","1","6224","聚鼎","-6922.00","5041.00","-94940.00","22350.00","-74471.00","710252.00","635781.00"
"115/10/09","115","1","6225","天瀚","-16893.00","8031.00","27595.00","0.00","18733.00","35813.00","54546.00"
"115/10/09","115","1","6226","光鼎","-47414.00","9747.00","11572.00","46952.00","20857.00","280192.00","301049.00"
"115/10/09","115","1","6230","尼得科超眾","-1092.00","-29424.00","-6713.00","133401.00","96172.00","3300106.00","3396278.00"
"115/10/09","115","1","6235","華孚","135923.00","-134004.00","60322.00","45693.00","107934.00","1045200.00","1153134.00"
"115/10/09","115","1","6239","力成","4102308.00","-5453286.00","226471.00","771906.00","-352601.00","16375118.00","16022517.00"
"115/10/09","115","1","6243","迅杰","36909.00","-35370.00","-1719.00","--","-180.00","591541.00","591361.00"
"115/10/09","115","1","6257","矽格","1919634.00","-743192.00","-2182390.00","4765.00","-1001183.00","12718818.00","11717635.00"
"115/10/09","115","1","6269","台郡","-429385.00","164889.00","-64672.00","129332.00","-199836.00","3293251.00","3093415.00"
"115/10/09","115","1","6271","同欣電","403183.00","-119179.00","11624.00","21042.00","316670.00","4276602.00","4593272.00"
"115/10/09","115","1","6272","驊陞","16887.00","-285042.00","-92264.00","31706.00","-328713.00","594014.00","265301.00"
"115/10/09","115","1","6277","宏正","98380.00","-19242.00","-73788.00","-5672.00","-322.00","898036.00","897714.00"
"115/10/09","115","1","6278","台表科","796229.00","-1735990.00","-402240.00","306267.00","-1035734.00","10601890.00","9566156.00"
"115/10/09","115","1","6281","全國電","262518.00","61744.00","-199980.00","--","124282.00","877370.00","1001652.00"
"115/10/09","115","1","6282","康舒","422913.00","-538414.00","815418.00","91336.00","791253.00","6488454.00","7279707.00"
"115/10/09","115","1","6283","淳安","-30417.00","30859.00","44866.00","33988.00","79296.00","723417.00","802713.00"
"115/10/09","115","1","6285","啟��","-3386907.00","-888401.00","2838409.00","279542.00","-1157357.00","14276301.00","13118944.00"
"115/10/09","115","1","6405","悅城","-14044.00","-20349.00","-100.00","--","-34493.00","522793.00","488300.00"
"115/10/09","115","1","6409","旭隼","452169.00","-185895.00","-73765.00","479276.00","671785.00","6415213.00","7086998.00"
"115/10/09","115","1","6412","群電","-50570.00","-440932.00","283038.00","288379.00","79915.00","4800791.00","4880706.00"
"115/10/09","115","1","6414","樺漢","320407.00","-898150.00","-1735167.00","165365.00","-2147545.00","28685416.00","26537871.00"
"115/10/09","115","1","6415","矽力*-KY","-380494.00","-1345122.00","177601.00","783033.00","-764982.00","9756361.00","8991379.00"
"115/10/09","115","1","6416","瑞祺電通","-189389.00","15851.00","70105.00","4675.00","-98758.00","455388.00","356630.00"
"115/10/09","115","1","6426","統新","17794.00","2440.00","-12886.00","--","7348.00","267820.00","275168.00"
"115/10/09","115","1","6431","光麗-KY","-18026.00","-13644.00","15690.00","-4909.00","-20889.00","208930.00","188041.00"
"115/10/09","115","1","6438","迅得","-220186.00","-89484.00","323602.00","18404.00","32336.00","1818254.00","1850590.00"
"115/10/09","115","1","6442","光聖","76152.00","-205616.00","28798.00","44057.00","-56609.00","7487290.00","7430681.00"
"115/10/09","115","1","6443","元晶","-96365.00","-36509.00","-84647.00","663.00","-216858.00","611512.00","394654.00"
"115/10/09","115","1","6446","藥華藥","1734254.00","-525199.00","-14882.00","288265.00","1482438.00","22692972.00","24175410.00"
"115/10/09","115","1","6449","鈺邦","279333.00","-225997.00","67495.00","27056.00","147887.00","1760348.00","1908235.00"
"115/10/09","115","1","6451","訊芯-KY","267048.00","-335497.00","625450.00","181710.00","738711.00","4833360.00","5572071.00"
"115/10/09","115","1","6456","GIS-KY","1933987.00","1370496.00","1183512.00","399650.00","4887645.00","9460900.00","14348545.00"
"115/10/09","115","1","6464","台數科","286302.00","44997.00","-227457.00","--","103842.00","1073749.00","1177591.00"
"115/10/09","115","1","6472","保瑞","635899.00","-468842.00","-550643.00","138709.00","-244877.00","5076889.00","4832012.00"
"115/10/09","115","1","6477","安集","136205.00","-25041.00","-192347.00","--","-81183.00","518096.00","436913.00"
"115/10/09","115","1","6491","晶碩","83431.00","-707683.00","110243.00","9832.00","-504177.00","1708677.00","1204500.00"
"115/10/09","115","1","6504","南六","-402438.00","96201.00","-204269.00","73362.00","-437144.00","1302260.00","865116.00"
"115/10/09","115","1","6505","台塑化","18575956.00","-2627493.00","416508.00","96779.00","16461750.00","47523942.00","63985692.00"
"115/10/09","115","1","6515","穎崴","120187.00","-3439512.00","3890755.00","6930.00","578360.00","2593851.00","3172211.00"
"115/10/09","115","1","6525","捷敏-KY","301336.00","-494666.00","-13691.00","50964.00","-156057.00","1868250.00","1712193.00"
"115/10/09","115","1","6526","達發","-67203.00","-331833.00","-17512.00","107505.00","-309043.00","12742064.00","12433021.00"
"115/10/09","115","1","6531","愛普*","617957.00","833915.00","-95529.00","146380.00","1502723.00","7263192.00","8765915.00"
"115/10/09","115","1","6533","晶心科","-61274.00","-306585.00","-8994.00","4121.00","-372732.00","1419588.00","1046856.00"
"115/10/09","115","1","6534","正瀚-創","336467.00","-56135.00","-43644.00","1018.00","237706.00","394128.00","631834.00"
"115/10/09","115","1","6541","泰福-KY","-309371.00","-181688.00","62991.00","-8400.00","-436468.00","878709.00","442241.00"
"115/10/09","115","1","6550","北極星藥業-KY","-522825.00","-152674.00","-41198.00","41860.00","-674837.00","1830396.00","1155559.00"
"115/10/09","115","1","6552","易華電","-30160.00","-16066.00","-398822.00","--","-445048.00","617499.00","172451.00"
"115/10/09","115","1","6558","興能高","-37174.00","-30491.00","64509.00","2394.00","-762.00","445469.00","444707.00"
"115/10/09","115","1","6573","虹揚-KY","1605.00","12227.00","-30904.00","3057.00","-14015.00","156306.00","142291.00"
"115/10/09","115","1","6579","研揚","-251251.00","-130124.00","296258.00","26602.00","-58515.00","2429992.00","2371477.00"
"115/10/09","115","1","6581","鋼聯","184859.00","-222880.00","-11507.00","--","-49528.00","676454.00","626926.00"
"115/10/09","115","1","6582","申豐","1255.00","3876.00","-6936.00","218.00","-1587.00","28471.00","26884.00"
"115/10/09","115","1","6585","鼎基","152702.00","-28852.00","-31725.00","1679.00","93804.00","576256.00","670060.00"
"115/10/09","115","1","6589","台康生技","57799.00","-139447.00","-186818.00","-83.00","-268549.00","3526312.00","3257763.00"
"115/10/09","115","1","6591","動力-KY","53528.00","-88753.00","-17393.00","28559.00","-24059.00","1090256.00","1066197.00"
"115/10/09","115","1","6592","和潤企業","4295144.00","-472529.00","-1262288.00","194665.00","2754992.00","4631325.00","7386317.00"
"115/10/09","115","1","6598","ABC-KY","-31181.00","-2639.00","-4586.00","8413.00","-29993.00","464786.00","434793.00"
"115/10/09","115","1","6605","帝寶","1315587.00","-712801.00","-227820.00","-34746.00","340220.00","3641729.00","3981949.00"
"115/10/09","115","1","6606","建德工業","-12376.00","-2123.00","-844.00","19874.00","4531.00","84880.00","89411.00"
"115/10/09","115","1","6614","資拓宏宇","-344954.00","-75683.00","332986.00","673.00","-86978.00","398737.00","311759.00"
"115/10/09","115","1","6625","必應","-212185.00","-72245.00","-13037.00","16322.00","-281145.00","1150197.00","869052.00"
"115/10/09","115","1","6641","基士德-KY","-68725.00","-41215.00","12761.00","15605.00","-81574.00","403660.00","322086.00"
"115/10/09","115","1","6645","金萬林-創","-50532.00","-28767.00","36396.00","55.00","-42848.00","123743.00","80895.00"
"115/10/09","115","1","6655","科定","98484.00","-60341.00","-43435.00","-885.00","-6177.00","139556.00","133379.00"
"115/10/09","115","1","6657","華安","-49888.00","-30429.00","-12238.00","83.00","-92472.00","673102.00","580630.00"
"115/10/09","115","1","6658","聯策","105340.00","-126100.00","70208.00","11241.00","60689.00","767836.00","828525.00"
"115/10/09","115","1","6666","羅麗芬-KY","-95227.00","-124595.00","3707.00","33256.00","-182859.00","613899.00","431040.00"
"115/10/09","115","1","6668","中揚光","-27276.00","8394.00","-20467.00","16828.00","-22521.00","369675.00","347154.00"
"115/10/09","115","1","6669","緯穎","-16154195.00","-5043453.00","1930652.00","329377.00","-18937619.00","89933848.00","70996229.00"
"115/10/09","115","1","6670","復盛應用","1385223.00","-148329.00","124271.00","-53011.00","1308154.00","7837404.00","9145558.00"
"115/10/09","115","1","6671","三能-KY","-39927.00","-53724.00","-17463.00","4981.00","-106133.00","416934.00","310801.00"
"115/10/09","115","1","6672","騰輝電子-KY","88658.00","-391991.00","936920.00","32472.00","666059.00","897196.00","1563255.00"
"115/10/09","115","1","6674","鋐寶科技","-74960.00","5.00","-1967.00","-58.00","-76980.00","355819.00","278839.00"
"115/10/09","115","1","6689","伊雲谷","-25247.00","-107823.00","134840.00","32401.00","34171.00","1320383.00","1354554.00"
"115/10/09","115","1","6691","洋基工程","2550878.00","28862.00","-10786.00","37980.00","2606934.00","4989354.00","7596288.00"
"115/10/09","115","1","6695","芯鼎","63201.00","-236200.00","-30578.00","982.00","-202595.00","883524.00","680929.00"
"115/10/09","115","1","6698","旭暉應材","79322.00","-78487.00","97899.00","6142.00","104876.00","545742.00","650618.00"
"115/10/09","115","1","6706","惠特","-223192.00","-233629.00","41919.00","1136.00","-413766.00","1332362.00","918596.00"
"115/10/09","115","1","6715","嘉基","-14863.00","-7813.00","-154879.00","9696.00","-167859.00","1516777.00","1348918.00"
"115/10/09","115","1","6719","力智","45424.00","-226233.00","-2082.00","7805.00","-175086.00","1434870.00","1259784.00"
"115/10/09","115","1","6722","輝創","-30267.00","-44710.00","264577.00","14308.00","203908.00","800953.00","1004861.00"
"115/10/09","115","1","6742","澤米","-15732.00","-35303.00","-914.00","4278.00","-47671.00","777106.00","729435.00"
"115/10/09","115","1","6743","安普新","468393.00","-37551.00","-338130.00","-123247.00","-30535.00","248826.00","218291.00"
"115/10/09","115","1","6753","龍德造船","-802716.00","148694.00","253738.00","-776.00","-401060.00","3239995.00","2838935.00"
"115/10/09","115","1","6754","匯僑設計","-114342.00","106641.00","-12246.00","18680.00","-1267.00","1835448.00","1834181.00"
"115/10/09","115","1","6756","威鋒電子","-35264.00","-166615.00","32115.00","5102.00","-164662.00","998203.00","833541.00"
"115/10/09","115","1","6757","台灣虎航","2203943.00","-508666.00","-478734.00","125449.00","1341992.00","10795952.00","12137944.00"
"115/10/09","115","1","6768","志強-KY","-737177.00","-137572.00","856636.00","53194.00","35081.00","5366890.00","5401971.00"
"115/10/09","115","1","6770","力積電","13345496.00","19565808.00","-31566986.00","-29.00","1344289.00","24214750.00","25559039.00"
"115/10/09","115","1","6771","平和環保-創","50401.00","-105104.00","-843.00","--","-55546.00","298562.00","243016.00"
"115/10/09","115","1","6776","展�眥篕�","-17622.00","-11355.00","-70440.00","18265.00","-81152.00","656087.00","574935.00"
"115/10/09","115","1","6781","AES-KY","2033011.00","514336.00","-5337.00","178536.00","2720546.00","6302350.00","9022896.00"
"115/10/09","115","1","6782","視陽","169661.00","-333794.00","-13204.00","17029.00","-160308.00","708369.00","548061.00"
"115/10/09","115","1","6789","采鈺","1047958.00","-187587.00","-419315.00","--","441056.00","11534487.00","11975543.00"
"115/10/09","115","1","6790","永豐實","477790.00","-639946.00","172891.00","22929.00","33664.00","1404678.00","1438342.00"
"115/10/09","115","1","6792","詠業","20341.00","-11363.00","-7937.00","2108.00","3149.00","732020.00","735169.00"
"115/10/09","115","1","6794","向榮生技","-22749.00","58550.00","-1575.00","--","34226.00","40840.00","75066.00"
"115/10/09","115","1","6796","晉弘","502.00","-172018.00","126653.00","159.00","-44704.00","539001.00","494297.00"
"115/10/09","115","1","6799","來頡","-8071.00","14572.00","-30611.00","-269.00","-24379.00","316795.00","292416.00"
"115/10/09","115","1","6805","富世達","562758.00","-157326.00","-24973.00","204932.00","585391.00","7445787.00","8031178.00"
"115/10/09","115","1","6807","峰源-KY","-30547.00","-79012.00","3206.00","7446.00","-98907.00","829344.00","730437.00"
"115/10/09","115","1","6830","汎銓","139647.00","-355168.00","82469.00","-7758.00","-140810.00","819255.00","678445.00"
"115/10/09","115","1","6831","邁科","270225.00","-26526.00","103414.00","-5886.00","341227.00","1106146.00","1447373.00"
"115/10/09","115","1","6834","天二科技","35404.00","-20139.00","9034.00","285.00","24584.00","327074.00","351658.00"
"115/10/09","115","1","6835","圓裕","43998.00","-25946.00","-60230.00","7354.00","-34824.00","1707834.00","1673010.00"
"115/10/09","115","1","6838","台新藥","-63924.00","88234.00","-1670.00","8748.00","31388.00","241785.00","273173.00"
"115/10/09","115","1","6854","錼創科技-KY創","135551.00","-432985.00","458653.00","10701.00","171920.00","2214943.00","2386863.00"
"115/10/09","115","1","6861","睿生光電","74833.00","-2199.00","-33808.00","727.00","39553.00","869065.00","908618.00"
"115/10/09","115","1","6862","三集瑞-KY","75113.00","-101403.00","988941.00","9307.00","971958.00","717589.00","1689547.00"
"115/10/09","115","1","6863","永道-KY","193780.00","-415022.00","67893.00","66046.00","-87303.00","2609009.00","2521706.00"
"115/10/09","115","1","6869","雲豹能源","-43156.00","-512189.00","246151.00","-4640.00","-313834.00","2126038.00","1812204.00"
"115/10/09","115","1","6873","泓德能源","-1185907.00","-387206.00","1841574.00","740.00","269201.00","2367671.00","2636872.00"
"115/10/09","115","1","6885","全福生技","-88124.00","-424952.00","-1674.00","-47.00","-514797.00","798429.00","283632.00"
"115/10/09","115","1","6887","寶綠特-KY","297807.00","25198.00","-123976.00","59023.00","258052.00","1845482.00","2103534.00"
"115/10/09","115","1","6890","來億-KY","272011.00","-476095.00","-1875985.00","1139833.00","-940236.00","7988223.00","7047987.00"
"115/10/09","115","1","6901","鑽石投資","-19443.00","948.00","-4564.00","--","-23059.00","2756498.00","2733439.00"
"115/10/09","115","1","6902","GOGOLOOK","27085.00","-10.00","10011.00","2954.00","40040.00","309992.00","350032.00"
"115/10/09","115","1","6906","現觀科","-11859.00","-397612.00","-2814.00","695.00","-411590.00","620102.00","208512.00"
"115/10/09","115","1","6908","宏�砦C戲-創","-141968.00","-17668.00","-74751.00","22706.00","-211681.00","1117127.00","905446.00"
"115/10/09","115","1","6909","創控","-40512.00","-100130.00","-3724.00","--","-144366.00","348226.00","203860.00"
"115/10/09","115","1","6914","阜爾運通","830174.00","-109287.00","-614517.00","--","106370.00","1404996.00","1511366.00"
"115/10/09","115","1","6916","華凌","-21989.00","-30732.00","7184.00","9690.00","-35847.00","434090.00","398243.00"
"115/10/09","115","1","6918","愛派司","51110.00","-121906.00","72614.00","1057.00","2875.00","604351.00","607226.00"
"115/10/09","115","1","6919","康霈*","-22671.00","1704152.00","48493.00","24674.00","1754648.00","784441.00","2539089.00"
"115/10/09","115","1","6921","嘉雨思-創","-17496.00","-77.00","-50000.00","--","-67573.00","138321.00","70748.00"
"115/10/09","115","1","6923","中台","182956.00","-33829.00","-62890.00","28.00","86265.00","78447.00","164712.00"
"115/10/09","115","1","6924","榮惠-KY創","26692.00","-4318.00","27010.00","1721.00","51105.00","398888.00","449993.00"
"115/10/09","115","1","6928","攸泰科技","-8828.00","-37378.00","-11990.00","4060.00","-54136.00","986714.00","932578.00"
"115/10/09","115","1","6931","青松健康","-17298.00","-34001.00","-31692.00","--","-82991.00","398394.00","315403.00"
"115/10/09","115","1","6933","AMAX-KY","-360072.00","-19255.00","601436.00","62029.00","284138.00","863697.00","1147835.00"
"115/10/09","115","1","6934","心誠鎂","-61776.00","-325518.00","327723.00","-1.00","-59572.00","138545.00","78973.00"
"115/10/09","115","1","6936","永鴻生技","56519.00","-64800.00","-2860.00","--","-11141.00","121926.00","110785.00"
"115/10/09","115","1","6937","天虹","-102999.00","4292.00","-44659.00","-1475.00","-144841.00","617505.00","472664.00"
"115/10/09","115","1","6944","兆聯實業","1405832.00","-1057552.00","60784.00","29017.00","438081.00","6679295.00","7117376.00"
"115/10/09","115","1","6947","台鎔科技","256506.00","-64660.00","-57535.00","--","134311.00","336945.00","471256.00"
"115/10/09","115","1","6949","沛爾生醫*-創","-114087.00","747656.00","1308079.00","-22.00","1941626.00","306699.00","2248325.00"
"115/10/09","115","1","6951","青新-創","80853.00","-33945.00","-22936.00","--","23972.00","291461.00","315433.00"
"115/10/09","115","1","6952","大武山","45049.00","-127257.00","27428.00","--","-54780.00","187898.00","133118.00"
"115/10/09","115","1","6955","邦睿生技-創","18470.00","-11728.00","-15846.00","1772.00","-7332.00","271245.00","263913.00"
"115/10/09","115","1","6957","裕慶-KY","284342.00","-42555.00","-56967.00","22707.00","207527.00","1066939.00","1274466.00"
"115/10/09","115","1","6958","日盛台駿","2906434.00","-1144747.00","-3425403.00","37808.00","-1625908.00","4514216.00","2888308.00"
"115/10/09","115","1","6962","奕力-KY","578850.00","944091.00","-380970.00","15448.00","1157419.00","1917603.00","3075022.00"
"115/10/09","115","1","6965","中傑-KY","-127562.00","-199853.00","-2639.00","113564.00","-216490.00","4287778.00","4071288.00"
"115/10/09","115","1","6969","成信實業*-創","21381.00","-2519.00","11154.00","--","30016.00","77064.00","107080.00"
"115/10/09","115","1","6988","威力暘-創","-21427.00","9049.00","-27861.00","4410.00","-35829.00","366309.00","330480.00"
"115/10/09","115","1","6994","富威電力","-111943.00","-34791.00","-125399.00","29.00","-272104.00","573909.00","301805.00"
"115/10/09","115","1","7610","聯友金屬-創","115665.00","-370294.00","200031.00","--","-54598.00","261172.00","206574.00"
"115/10/09","115","1","7631","聚賢研發-創","-82835.00","-27406.00","-21330.00","2230.00","-129341.00","610574.00","481233.00"
"115/10/09","115","1","7689","大鵬科CLMX","157472.00","-66027.00","-163104.00","100.00","-71559.00","364588.00","293029.00"
"115/10/09","115","1","7705","三商餐飲","112656.00","-56415.00","-110068.00","-6.00","-53833.00","383200.00","329367.00"
"115/10/09","115","1","7711","永擎","-975849.00","2296.00","-7656.00","1.00","-981208.00","4119409.00","3138201.00"
"115/10/09","115","1","7721","微程式","33570.00","-78109.00","-13593.00","1672.00","-56460.00","288455.00","231995.00"
"115/10/09","115","1","7722","LINEPAY","822542.00","-6734.00","-19384.00","-68.00","796356.00","9634643.00","10430999.00"
"115/10/09","115","1","7730","暉盛-創","36330.00","-87802.00","-13355.00","200.00","-64627.00","543381.00","478754.00"
"115/10/09","115","1","7732","金興精密","17539.00","-31935.00","-7968.00","-8329.00","-30693.00","451012.00","420319.00"
"115/10/09","115","1","7736","虎山","102438.00","143420.00","5785.00","3879.00","255522.00","1293988.00","1549510.00"
"115/10/09","115","1","7740","熙特爾-創","-582479.00","-55887.00","54375.00","-188.00","-584179.00","1361790.00","777611.00"
"115/10/09","115","1","7749","意騰-KY","215103.00","-519859.00","-4315.00","12063.00","-297008.00","1816887.00","1519879.00"
"115/10/09","115","1","7750","新代","209199.00","-160274.00","-10213.00","165741.00","204453.00","7707263.00","7911716.00"
"115/10/09","115","1","7760","享溫馨","118076.00","-58689.00","-24383.00","--","35004.00","174547.00","209551.00"
"115/10/09","115","1","7765","中華資安","105294.00","-7871.00","-6940.00","--","90483.00","1198460.00","1288943.00"
"115/10/09","115","1","7768","頌勝科技","13950.00","-198896.00","207649.00","-8646.00","14057.00","902437.00","916494.00"
"115/10/09","115","1","7769","鴻勁","2697341.00","-8000668.00","-6127.00","7452.00","-5302002.00","53426985.00","48124983.00"
"115/10/09","115","1","7780","大研生醫*","79485.00","3005105.00","-790.00","113163.00","3196963.00","2236290.00","5433253.00"
"115/10/09","115","1","7786","東方風能","628371.00","-2211066.00","587208.00","-64.00","-995551.00","1690712.00","695161.00"
"115/10/09","115","1","7788","松川精密","34885.00","-58286.00","-44495.00","13807.00","-54089.00","2142454.00","2088365.00"
"115/10/09","115","1","7791","皇家可口","39932.00","-31677.00","-5341.00","--","2914.00","678526.00","681440.00"
"115/10/09","115","1","7795","長廣","324249.00","-4016.00","1366100.00","-4279.00","1682054.00","1131920.00","2813974.00"
"115/10/09","115","1","7799","禾榮科","-114896.00","-29484.00","2539.00","825.00","-141016.00","2348611.00","2207595.00"
"115/10/09","115","1","7803","雲象科技-創","-80432.00","-2178.00","-2791.00","-121.00","-85522.00","568250.00","482728.00"
"115/10/09","115","1","7818","溢泰實業","547918.00","-110093.00","-331891.00","88446.00","194380.00","998662.00","1193042.00"
"115/10/09","115","1","7821","神數","-11175.00","-222630.00","-8051.00","5559.00","-236297.00","2711936.00","2475639.00"
"115/10/09","115","1","7822","倍利科","71083.00","-26271.00","4843761.00","--","4888573.00","1152718.00","6041291.00"
"115/10/09","115","1","7823","奧義賽博-KY創","36584.00","-294.00","241568.00","-489.00","277369.00","487153.00","764522.00"
"115/10/09","115","1","7827","漢康-KY創","-227775.00","-48262.00","13200.00","14447.00","-248390.00","1064402.00","816012.00"
"115/10/09","115","1","7835","永悅健康-創","-102763.00","-1337.00","-1920.00","137.00","-105883.00","247426.00","141543.00"
"115/10/09","115","1","7855","和運租車","5221479.00","-4041747.00","-1224868.00","--","-45136.00","366543.00","321407.00"
"115/10/09","115","1","8011","台通","178276.00","-481921.00","-260195.00","2244.00","-561596.00","979067.00","417471.00"
"115/10/09","115","1","8016","矽創","896358.00","-380542.00","-162930.00","56346.00","409232.00","5731747.00","6140979.00"
"115/10/09","115","1","8021","尖點","23904.00","-665246.00","837629.00","68981.00","265268.00","1813992.00","2079260.00"
"115/10/09","115","1","8028","昇陽半導體","262858.00","-679231.00","362427.00","--","-53946.00","1000272.00","946326.00"
"115/10/09","115","1","8033","雷虎","46119.00","-674415.00","711866.00","6244.00","89814.00","235774.00","325588.00"
"115/10/09","115","1","8039","台虹","489751.00","-365900.00","350967.00","48244.00","523062.00","2878143.00","3401205.00"
"115/10/09","115","1","8045","達運光電","153470.00","-25441.00","246393.00","4258.00","378680.00","344685.00","723365.00"
"115/10/09","115","1","8046","南電","1980522.00","-1107974.00","-76029.00","271557.00","1068076.00","8589500.00","9657576.00"
"115/10/09","115","1","8070","長華*","190580.00","-488856.00","139966.00","218870.00","60560.00","7386449.00","7447009.00"
"115/10/09","115","1","8072","陞泰","35384.00","13090.00","29429.00","240.00","78143.00","272851.00","350994.00"
"115/10/09","115","1","8081","致新","603608.00","9304.00","-36.00","827.00","613703.00","4539798.00","5153501.00"
"115/10/09","115","1","8101","華冠","-14707.00","-2603.00","36566.00","-2093.00","17163.00","50390.00","67553.00"
"115/10/09","115","1","8103","瀚荃","138132.00","-697446.00","456023.00","75556.00","-27735.00","2471875.00","2444140.00"
"115/10/09","115","1","8104","錸寶","63341.00","-599323.00","-214629.00","963.00","-749648.00","1318296.00","568648.00"
"115/10/09","115","1","8105","凌巨","205667.00","-80658.00","-74621.00","13561.00","63949.00","2309837.00","2373786.00"
"115/10/09","115","1","8110","華東","186954.00","-212508.00","-26820.00","18905.00","-33469.00","3131317.00","3097848.00"
"115/10/09","115","1","8112","至上","-10113244.00","-43844.00","15773968.00","238870.00","5855750.00","8999603.00","14855353.00"
"115/10/09","115","1","8114","振樺電","-936948.00","-239032.00","598571.00","44150.00","-533259.00","5752224.00","5218965.00"
"115/10/09","115","1","8131","福懋科","290122.00","-475780.00","-10450.00","--","-196108.00","4056111.00","3860003.00"
"115/10/09","115","1","8150","南茂","327712.00","-2235406.00","-569287.00","5011.00","-2471970.00","14858903.00","12386933.00"
"115/10/09","115","1","8162","微矽電子-創","89190.00","-72190.00","-30717.00","--","-13717.00","294127.00","280410.00"
"115/10/09","115","1","8163","達方","87704.00","-402451.00","-44826.00","106617.00","-252956.00","6261578.00","6008622.00"
"115/10/09","115","1","8201","無敵","-66893.00","8429.00","-1475.00","591.00","-59348.00","254980.00","195632.00"
"115/10/09","115","1","8210","勤誠","1185839.00","-432019.00","1821868.00","81144.00","2656832.00","5688287.00","8345119.00"
"115/10/09","115","1","8213","志超","-158667.00","-242878.00","1070078.00","414113.00","1082646.00","8047207.00","9129853.00"
"115/10/09","115","1","8215","明基材","-35852.00","-170186.00","-35395.00","35188.00","-206245.00","729256.00","523011.00"
"115/10/09","115","1","8222","寶一","26663.00","-19194.00","14956.00","--","22425.00","178598.00","201023.00"
"115/10/09","115","1","8249","菱光","42456.00","10348.00","-3051.00","62822.00","112575.00","3056458.00","3169033.00"
"115/10/09","115","1","8261","富鼎","213945.00","-355872.00","-1101.00","9484.00","-133544.00","1318850.00","1185306.00"
"115/10/09","115","1","8271","宇瞻","-1380209.00","262810.00","1399629.00","11737.00","293967.00","852913.00","1146880.00"
"115/10/09","115","1","8341","日友","385183.00","-159200.00","-20003.00","4033.00","210013.00","655554.00","865567.00"
"115/10/09","115","1","8367","建新國際","190879.00","-446165.00","349238.00","--","93952.00","577395.00","671347.00"
"115/10/09","115","1","8374","羅昇","31757.00","-14373.00","28130.00","16382.00","61896.00","1140155.00","1202051.00"
"115/10/09","115","1","8404","百和興業-KY","-21036.00","-295613.00","1152028.00","75599.00","910978.00","2215748.00","3126726.00"
"115/10/09","115","1","8411","福貞-KY","-10016.00","-31869.00","-241318.00","41342.00","-241861.00","1717966.00","1476105.00"
"115/10/09","115","1","8422","可寧衛*","-1220348.00","-632788.00","1682954.00","976.00","-169206.00","3222639.00","3053433.00"
"115/10/09","115","1","8429","金麗-KY","2590.00","0.00","2391.00","143738.00","148719.00","4822372.00","4971091.00"
"115/10/09","115","1","8438","昶昕","25228.00","-26963.00","-24557.00","16516.00","-9776.00","554451.00","544675.00"
"115/10/09","115","1","8442","威宏-KY","60860.00","-228544.00","71403.00","48246.00","-48035.00","917814.00","869779.00"
"115/10/09","115","1","8443","阿瘦","36886.00","-1541.00","-35459.00","--","-114.00","209429.00","209315.00"
"115/10/09","115","1","8454","富邦媒","1361094.00","-201584.00","-181019.00","2165.00","980656.00","2241322.00","3221978.00"
"115/10/09","115","1","8462","柏文","605166.00","-214566.00","-223769.00","--","166831.00","1247828.00","1414659.00"
"115/10/09","115","1","8463","潤泰材","396504.00","-107927.00","-113623.00","--","174954.00","381163.00","556117.00"
"115/10/09","115","1","8464","億豐","3118840.00","-863952.00","107256.00","110078.00","2472222.00","16872121.00","19344343.00"
"115/10/09","115","1","8466","美吉吉-KY","-60025.00","75261.00","18983.00","79452.00","113671.00","1628790.00","1742461.00"
"115/10/09","115","1","8467","波力-KY","-13131.00","-98366.00","-284355.00","74322.00","-321530.00","2164653.00","1843123.00"
"115/10/09","115","1","8473","山林水","-66246.00","-21559.00","-68885.00","--","-156690.00","3778726.00","3622036.00"
"115/10/09","115","1","8476","台境*","-128730.00","-2000.00","63745.00","376.00","-66609.00","238239.00","171630.00"
"115/10/09","115","1","8478","東哥遊艇","-527550.00","663157.00","-1435908.00","113223.00","-1187078.00","2861968.00","1674890.00"
"115/10/09","115","1","8481","政伸","30003.00","-36519.00","-1895.00","16638.00","8227.00","427942.00","436169.00"
"115/10/09","115","1","8482","商億-KY","125343.00","196672.00","-243734.00","24130.00","102411.00","668880.00","771291.00"
"115/10/09","115","1","8487","愛爾達-創","148574.00","-5163.00","-3735.00","458.00","140134.00","181554.00","321688.00"
"115/10/09","115","1","8488","吉源-KY","-57206.00","-14366.00","-39158.00","10272.00","-100458.00","544314.00","443856.00"
"115/10/09","115","1","8499","鼎炫-KY","273653.00","452250.00","-155204.00","454449.00","1025148.00","1538955.00","2564103.00"
"115/10/09","115","1","8926","台汽電","2160583.00","713469.00","4820455.00","-1112.00","7693395.00","2097664.00","9791059.00"
"115/10/09","115","1","8940","新天地","95712.00","-40898.00","-21957.00","--","32857.00","264348.00","297205.00"
"115/10/09","115","1","8996","高力","517768.00","-193791.00","-131662.00","5218.00","197533.00","1676895.00","1874428.00"
"115/10/09","115","1","9802","鈺齊-KY","564804.00","-215543.00","-316769.00","40389.00","72881.00","2364689.00","2437570.00"
"115/10/09","115","1","9902","台火","14602.00","-38107.00","-2912.00","--","-26417.00","233786.00","207369.00"
"115/10/09","115","1","9904","寶成","-4393182.00","-7029678.00","6654776.00","1525128.00","-3242956.00","27293976.00","24051020.00"
"115/10/09","115","1","9905","大華","-233507.00","-29285.00","-34580.00","59389.00","-237983.00","997109.00","759126.00"
"115/10/09","115","1","9906","欣巴巴","539876.00","-3034.00","-449727.00","--","87115.00","321178.00","408293.00"
"115/10/09","115","1","9907","統一實","945110.00","-312778.00","-750429.00","237196.00","119099.00","4034885.00","4153984.00"
"115/10/09","115","1","9908","大台北","220805.00","-340110.00","-2996.00","--","-122301.00","1991913.00","1869612.00"
"115/10/09","115","1","9910","豐泰","-286708.00","-379807.00","-231194.00","142304.00","-755405.00","5353467.00","4598062.00"
"115/10/09","115","1","9911","櫻花","285855.00","-277924.00","-42732.00","866.00","-33935.00","2157010.00","2123075.00"
"115/10/09","115","1","9912","偉聯","26140.00","-96.00","-1272.00","-574.00","24198.00","93241.00","117439.00"
"115/10/09","115","1","9914","美利達","380785.00","120060.00","-193639.00","37882.00","345088.00","3576596.00","3921684.00"
"115/10/09","115","1","9917","中保科","431589.00","-486531.00","483256.00","0.00","428314.00","5847304.00","6275618.00"
"115/10/09","115","1","9918","欣天然","115095.00","-89930.00","-2545.00","--","22620.00","609384.00","632004.00"
"115/10/09","115","1","9919","康那香","-71630.00","-19212.00","-37109.00","19681.00","-108270.00","1317958.00","1209688.00"
"115/10/09","115","1","9921","巨大","692426.00","-738330.00","1253364.00","281735.00","1489195.00","12298072.00","13787267.00"
"115/10/09","115","1","9924","福興","456319.00","-404269.00","-34279.00","34583.00","52354.00","1705253.00","1757607.00"
"115/10/09","115","1","9925","新保","99733.00","-242980.00","258302.00","-1274.00","113781.00","3734420.00","3848201.00"
"115/10/09","115","1","9926","新海","337515.00","-152388.00","-515.00","--","184612.00","422803.00","607415.00"
"115/10/09","115","1","9927","泰銘","-409011.00","58961.00","199640.00","7510.00","-142900.00","1332020.00","1189120.00"
"115/10/09","115","1","9928","中視","-6667.00","-7951.00","-3835.00","--","-18453.00","137866.00","119413.00"
"115/10/09","115","1","9929","秋雨","54278.00","15982.00","-40827.00","--","29433.00","265169.00","294602.00"
"115/10/09","115","1","9930","中聯資源","722750.00","-56026.00","-495420.00","5130.00","176434.00","352883.00","529317.00"
"115/10/09","115","1","9931","欣高","220334.00","-138747.00","-974.00","--","80613.00","339804.00","420417.00"
"115/10/09","115","1","9933","中鼎","12411872.00","698394.00","-6876089.00","--","6234177.00","36187354.00","42421531.00"
"115/10/09","115","1","9934","成霖","6785.00","-24813.00","-178077.00","72727.00","-123378.00","2879380.00","2756002.00"
"115/10/09","115","1","9935","慶豐富","54095.00","-387208.00","342800.00","32838.00","42525.00","388015.00","430540.00"
"115/10/09","115","1","9937","全國","1920506.00","-25734.00","-102121.00","--","1792651.00","380152.00","2172803.00"
"115/10/09","115","1","9938","百和","11374.00","-439940.00","1182546.00","141427.00","895407.00","4120263.00","5015670.00"
"115/10/09","115","1","9939","宏全","465315.00","-939330.00","67614.00","-98541.00","-504942.00","3922004.00","3417062.00"
"115/10/09","115","1","9940","信義","-303993.00","-300580.00","754898.00","70543.00","220868.00","4474574.00","4695442.00"
"115/10/09","115","1","9941","裕融","3482257.00","-2765490.00","-94298.00","91287.00","713756.00","6995156.00","7708912.00"
"115/10/09","115","1","9942","茂順","207658.00","-120628.00","246400.00","-12359.00","321071.00","343462.00","664533.00"
"115/10/09","115","1","9943","好樂迪","148052.00","83448.00","-61896.00","--","169604.00","369086.00","538690.00"
"115/10/09","115","1","9944","新麗","24242.00","-78658.00","-37422.00","34122.00","-57716.00","1759861.00","1702145.00"
"115/10/09","115","1","9945","潤泰新","518529.00","-224938.00","-990624.00","38746.00","-658287.00","5345928.00","4687641.00"
"115/10/09","115","1","9946","三發地產","1606149.00","-644888.00","-337221.00","--","624040.00","1376713.00","2000753.00"
"115/10/09","115","1","9955","佳龍","45617.00","-287482.00","234589.00","1097.00","-6179.00","83445.00","77266.00"
"115/10/09","115","1","9958","世紀鋼","576564.00","-2152875.00","4856236.00","-1580.00","3278345.00","11477284.00","14755629.00"
