出表日期,年度,季別,公司代號,公司名稱,營業收入,營業成本,原始認列生物資產及農產品之利益（損失）,生物資產當期公允價值減出售成本之變動利益（損失）,營業毛利（毛損）,未實現銷貨（損）益,已實現銷貨（損）益,營業毛利（毛損）淨額,營業費用,其他收益及費損淨額,營業利益（損失）,營業外收入及支出,稅前淨利（淨損）,所得稅費用（利益）,繼續營業單位本期淨利（淨損）,停業單位損益,合併前非屬共同控制股權損益,本期淨利（淨損）,其他綜合損益（淨額）,合併前非屬共同控制股權綜合損益淨額,本期綜合損益總額,淨利（淨損）歸屬於母公司業主,淨利（淨損）歸屬於共同控制下前手權益,淨利（淨損）歸屬於非控制權益,綜合損益總額歸屬於母公司業主,綜合損益總額歸屬於共同控制下前手權益,綜合損益總額歸屬於非控制權益,基本每股盈餘（元）
"115/06/06","114","2","1240","茂生農經","1347115.00","1176369.00","-3434.00","34057.00","201369.00","--","--","201369.00","123462.00","--","77907.00","42716.00","120623.00","20891.00","99732.00","--","--","99732.00","-37755.00","--","61977.00","103230.00","--","-3498.00","65475.00","--","-3498.00","2.50"
"115/06/06","114","2","1259","安心","2998322.00","2332217.00","--","--","666105.00","--","--","666105.00","676605.00","--","-10500.00","43006.00","32506.00","-199.00","32705.00","--","--","32705.00","-127194.00","--","-94489.00","30022.00","--","2683.00","-95051.00","--","562.00","0.93"
"115/06/06","114","2","1264","德麥","3291426.00","2217655.00","--","--","1073771.00","--","--","1073771.00","513203.00","--","560568.00","12558.00","573126.00","136265.00","436861.00","--","--","436861.00","-180038.00","--","256823.00","380996.00","--","55865.00","269986.00","--","-13163.00","10.28"
"115/06/06","114","2","1268","漢來美食","3150533.00","1678276.00","--","--","1472257.00","--","--","1472257.00","1122367.00","--","349890.00","-22655.00","327235.00","67520.00","259715.00","--","--","259715.00","-52005.00","--","207710.00","259715.00","--","--","207710.00","--","--","6.15"
"115/06/06","114","2","1294","漢田生技","369142.00","229544.00","--","--","139598.00","--","--","139598.00","51096.00","--","88502.00","-533.00","87969.00","17213.00","70756.00","--","--","70756.00","--","--","70756.00","70745.00","--","11.00","70745.00","--","11.00","2.35"
"115/06/06","114","2","1295","生合","542837.00","236991.00","--","--","305846.00","--","--","305846.00","161363.00","--","144483.00","-18072.00","126411.00","24473.00","101938.00","--","--","101938.00","-30012.00","--","71926.00","101938.00","--","--","71926.00","--","--","3.18"
"115/06/06","114","2","1336","台翰","1268303.00","1043173.00","--","--","225130.00","--","--","225130.00","137885.00","--","87245.00","-25026.00","62219.00","32988.00","29231.00","--","--","29231.00","-167837.00","--","-138606.00","29231.00","--","--","-138606.00","--","--","0.38"
"115/06/06","114","2","1565","精華","2168500.00","1641554.00","--","--","526946.00","--","--","526946.00","176997.00","--","349949.00","-84023.00","265926.00","64120.00","201806.00","--","--","201806.00","319.00","--","202125.00","201806.00","--","--","202125.00","--","--","4.00"
"115/06/06","114","2","1569","濱川","1688940.00","1676178.00","--","--","12762.00","--","--","12762.00","275029.00","--","-262267.00","-138263.00","-400530.00","16080.00","-416610.00","--","--","-416610.00","-256165.00","--","-672775.00","-438018.00","--","21408.00","-688548.00","--","15773.00","-3.61"
"115/06/06","114","2","1570","力肯","281120.00","196969.00","--","--","84151.00","--","--","84151.00","39281.00","--","44870.00","-15900.00","28970.00","6619.00","22351.00","--","--","22351.00","-8067.00","--","14284.00","22351.00","--","0.00","14284.00","--","0.00","0.43"
"115/06/06","114","2","1580","新麥","2338679.00","1336990.00","--","--","1001689.00","--","--","1001689.00","534400.00","--","467289.00","18303.00","485592.00","180821.00","304771.00","--","--","304771.00","-234627.00","--","70144.00","284502.00","--","20269.00","63111.00","--","7033.00","5.69"
"115/06/06","114","2","1584","精剛","1339969.00","1172965.00","--","--","167004.00","--","--","167004.00","134033.00","--","32971.00","-25170.00","7801.00","2131.00","5670.00","--","--","5670.00","-85668.00","--","-79998.00","9983.00","--","-4313.00","-75685.00","--","-4313.00","0.04"
"115/06/06","114","2","1586","和勤","1100817.00","976173.00","--","--","124644.00","--","--","124644.00","182077.00","--","-57433.00","6786.00","-50647.00","-9882.00","-40765.00","--","--","-40765.00","-123734.00","--","-164499.00","-40765.00","--","--","-164499.00","--","--","-0.43"
"115/06/06","114","2","1591","駿吉-KY","48948.00","56014.00","--","--","-7066.00","--","--","-7066.00","42707.00","--","-49773.00","-2568.00","-52341.00","-2116.00","-50225.00","--","--","-50225.00","-19966.00","--","-70191.00","-50225.00","--","--","-70191.00","--","--","-1.34"
"115/06/06","114","2","1593","祺驊","583703.00","394818.00","--","--","188885.00","--","--","188885.00","130871.00","--","58014.00","5516.00","63530.00","14809.00","48721.00","--","--","48721.00","-60199.00","--","-11478.00","34505.00","--","14216.00","-25694.00","--","14216.00","0.87"
"115/06/06","114","2","1595","川寶","394011.00","295549.00","--","--","98462.00","--","--","98462.00","148240.00","--","-49778.00","-25631.00","-75409.00","1019.00","-76428.00","--","--","-76428.00","-28363.00","--","-104791.00","-75497.00","--","-931.00","-103860.00","--","-931.00","-1.40"
"115/06/06","114","2","1599","宏佳騰","1003665.00","790832.00","--","--","212833.00","--","--","212833.00","249027.00","--","-36194.00","-29119.00","-65313.00","-10946.00","-54367.00","--","--","-54367.00","-24713.00","--","-79080.00","-43168.00","--","-11199.00","-67881.00","--","-11199.00","-0.59"
"115/06/06","114","2","1742","台蠟","69899.00","49859.00","--","--","20040.00","--","--","20040.00","57711.00","--","-37671.00","-31024.00","-68695.00","-1698.00","-66997.00","--","--","-66997.00","605.00","--","-66392.00","-66997.00","--","--","-66392.00","--","--","-0.72"
"115/06/06","114","2","1777","生泰","640590.00","431968.00","--","--","208622.00","--","--","208622.00","64031.00","--","144591.00","-23064.00","121527.00","29165.00","92362.00","--","--","92362.00","0.00","--","92362.00","--","--","--","--","--","--","2.07"
"115/06/06","114","2","1781","合世","191248.00","148286.00","--","--","42962.00","--","--","42962.00","66098.00","--","-23136.00","-17899.00","-41035.00","-5978.00","-35057.00","--","--","-35057.00","-11398.00","--","-46455.00","-35057.00","--","--","-46455.00","--","--","-0.74"
"115/06/06","114","2","1784","訊聯","595200.00","269220.00","--","--","325980.00","--","--","325980.00","323018.00","--","2962.00","12909.00","15871.00","12093.00","3778.00","--","--","3778.00","-2715.00","--","1063.00","26422.00","--","-22644.00","25301.00","--","-24238.00","0.52"
"115/06/06","114","2","1785","光洋科","17767399.00","15384924.00","--","--","2382475.00","--","--","2382475.00","535878.00","--","1846597.00","-1772546.00","74051.00","18368.00","55683.00","--","--","55683.00","-246511.00","--","-190828.00","58643.00","--","-2960.00","-187868.00","--","-2960.00","0.10"
"115/06/06","114","2","1788","杏昌","2120555.00","1570993.00","--","--","549562.00","--","--","549562.00","342725.00","--","206837.00","20908.00","227745.00","45046.00","182699.00","--","--","182699.00","-9133.00","--","173566.00","182699.00","0.00","0.00","173566.00","0.00","0.00","4.10"
"115/06/06","114","2","1796","金穎生技","334287.00","244104.00","--","--","90183.00","--","--","90183.00","69442.00","--","20741.00","-12322.00","8419.00","1050.00","7369.00","--","--","7369.00","-1519.00","--","5850.00","7369.00","--","--","5850.00","--","--","0.18"
"115/06/06","114","2","1799","易威","260797.00","133842.00","--","--","126955.00","--","--","126955.00","172293.00","--","-45338.00","-5454.00","-50792.00","306.00","-51098.00","--","--","-51098.00","-31881.00","--","-82979.00","-49564.00","--","-1534.00","-80953.00","--","-2026.00","-0.40"
"115/06/06","114","2","1813","寶利徠","164371.00","185035.00","--","--","-20664.00","--","--","-20664.00","39367.00","--","-60031.00","-2638.00","-62669.00","-10098.00","-52571.00","--","--","-52571.00","12344.00","--","-40227.00","-48552.00","--","-4019.00","-38449.00","--","-1778.00","-1.04"
"115/06/06","114","2","1815","富喬","2805007.00","2044834.00","--","--","760173.00","--","--","760173.00","285957.00","--","474216.00","-293600.00","180616.00","42876.00","137740.00","--","--","137740.00","-265860.00","--","-128120.00","137740.00","--","--","-128120.00","--","--","0.27"
"115/06/06","114","2","2035","唐榮公司","5135967.00","5816493.00","--","--","-680526.00","--","--","-680526.00","149125.00","--","-829651.00","-60271.00","-889922.00","--","-889922.00","--","--","-889922.00","-6498.00","--","-896420.00","--","--","--","--","--","--","-2.54"
"115/06/06","114","2","2061","風青","600050.00","571703.00","--","--","28347.00","--","--","28347.00","32058.00","--","-3711.00","-54525.00","-58236.00","3584.00","-61820.00","--","--","-61820.00","-14005.00","--","-75825.00","-61820.00","--","--","-75825.00","--","--","-1.08"
"115/06/06","114","2","2063","世鎧精密","484838.00","400902.00","--","--","83936.00","--","--","83936.00","66194.00","--","17742.00","17501.00","35243.00","-42.00","35285.00","--","--","35285.00","-90557.00","--","-55272.00","35285.00","--","--","-55272.00","--","--","0.73"
"115/06/06","114","2","2064","晉椿","744395.00","722575.00","--","--","21820.00","-418.00","--","22238.00","58647.00","--","-36409.00","-55050.00","-91459.00","2822.00","-94281.00","--","--","-94281.00","-6382.00","--","-100663.00","-94307.00","--","26.00","-100662.00","--","-1.00","-1.36"
"115/06/06","114","2","2065","世豐","1062811.00","897155.00","--","--","165656.00","--","--","165656.00","108068.00","--","57588.00","-84835.00","-27247.00","9.00","-27256.00","--","--","-27256.00","-209135.00","--","-236391.00","-27256.00","--","--","-236391.00","--","--","-0.44"
"115/06/06","114","2","2066","世德","1353268.00","894869.00","--","--","458399.00","--","--","458399.00","359641.00","--","98758.00","-56373.00","42385.00","15310.00","27075.00","--","--","27075.00","-22614.00","--","4461.00","27075.00","--","--","4461.00","--","--","0.61"
"115/06/06","114","2","2067","嘉鋼","524084.00","497576.00","--","--","26508.00","--","--","26508.00","81895.00","--","-55387.00","-20386.00","-75773.00","879.00","-76652.00","--","--","-76652.00","150776.00","--","74124.00","-65748.00","--","-10904.00","85330.00","--","-11206.00","-1.46"
"115/06/06","114","2","2070","精湛","297018.00","157316.00","--","--","139702.00","--","--","139702.00","112829.00","--","26873.00","-2612.00","24261.00","6130.00","18131.00","--","--","18131.00","-21668.00","--","-3537.00","18131.00","--","--","-3537.00","--","--","0.51"
"115/06/06","114","2","2073","雄順","290924.00","258705.00","--","--","32219.00","--","--","32219.00","33364.00","--","-1145.00","-1029.00","-2174.00","-601.00","-1573.00","--","--","-1573.00","136.00","--","-1437.00","--","--","--","--","--","--","-0.06"
"115/06/06","114","2","2221","大甲","676984.00","535740.00","--","--","141244.00","--","--","141244.00","60700.00","--","80544.00","-17361.00","63183.00","13904.00","49279.00","--","--","49279.00","-5344.00","--","43935.00","48312.00","--","967.00","42968.00","0.00","967.00","1.14"
"115/06/06","114","2","2230","泰茂","766190.00","702050.00","--","--","64140.00","--","--","64140.00","51998.00","5.00","12147.00","-19356.00","-7209.00","5399.00","-12608.00","--","--","-12608.00","-93136.00","--","-105744.00","-11953.00","--","-655.00","-103685.00","--","-2059.00","-0.18"
"115/06/06","114","2","2235","謚源","277994.00","221063.00","--","--","56931.00","0.00","0.00","56931.00","38254.00","--","18677.00","-15477.00","3200.00","903.00","2297.00","--","--","2297.00","0.00","0.00","2297.00","--","--","--","--","--","--","0.06"
"115/06/06","114","2","2596","綠意","831238.00","623804.00","--","--","207434.00","--","--","207434.00","72687.00","--","134747.00","3947.00","138694.00","25904.00","112790.00","--","--","112790.00","--","--","112790.00","114475.00","--","-1685.00","114475.00","--","-1685.00","1.14"
"115/06/06","114","2","2640","大車隊","1540862.00","790409.00","--","--","750453.00","--","--","750453.00","436333.00","--","314120.00","5837.00","319957.00","69280.00","250677.00","--","--","250677.00","--","--","250677.00","257276.00","--","-6599.00","257276.00","--","-6599.00","4.34"
"115/06/06","114","2","2641","正德","1055655.00","649327.00","--","--","406328.00","--","--","406328.00","64210.00","--","342118.00","-11444.00","330674.00","26892.00","303782.00","--","--","303782.00","-848245.00","--","-544463.00","293172.00","--","10610.00","-555073.00","--","10610.00","0.93"
"115/06/06","114","2","2643","捷迅","3977511.00","3661744.00","--","--","315767.00","--","--","315767.00","143666.00","--","172101.00","-80833.00","91268.00","24436.00","66832.00","--","--","66832.00","-126890.00","--","-60058.00","66832.00","--","--","-60058.00","--","--","1.91"
"115/06/06","114","2","2718","全心投控","1805595.00","590097.00","--","--","1215498.00","--","--","1215498.00","133820.00","--","1081678.00","63960.00","1145638.00","340953.00","804685.00","--","--","804685.00","-7234.00","--","797451.00","804685.00","--","--","797451.00","--","--","9.20"
"115/06/06","114","2","2719","燦星旅","1086228.00","1026396.00","--","--","59832.00","--","--","59832.00","73722.00","--","-13890.00","-5575.00","-19465.00","-222.00","-19243.00","--","--","-19243.00","--","--","-19243.00","-19243.00","--","--","-19243.00","--","--","-0.28"
"115/06/06","114","2","2724","藝舍-KY","84629.00","68665.00","--","--","15964.00","--","--","15964.00","22392.00","--","-6428.00","887.00","-5541.00","184.00","-5725.00","--","--","-5725.00","0.00","--","-5725.00","-5698.00","--","-27.00","-5698.00","--","-27.00","-0.10"
"115/06/06","114","2","2726","雅茗-KY","297133.00","120786.00","--","--","176347.00","--","--","176347.00","217674.00","--","-41327.00","-1979.00","-43306.00","-7730.00","-35576.00","--","--","-35576.00","-37288.00","--","-72864.00","-38493.00","--","2917.00","-73729.00","--","865.00","-1.39"
"115/06/06","114","2","2729","瓦城","3051882.00","1495470.00","--","--","1556412.00","--","--","1556412.00","1338789.00","--","217623.00","5844.00","223467.00","49879.00","173588.00","--","--","173588.00","-37926.00","--","135662.00","174839.00","--","-1251.00","136913.00","--","-1251.00","4.47"
"115/06/06","114","2","2732","六角","1965248.00","938496.00","--","--","1026752.00","0.00","343.00","1027095.00","982443.00","630.00","45282.00","-56795.00","-11513.00","4920.00","-16433.00","--","--","-16433.00","-42939.00","--","-59372.00","-14623.00","--","-1810.00","-47642.00","--","-11730.00","-0.32"
"115/06/06","114","2","2734","易飛網","801593.00","690157.00","--","--","111436.00","--","--","111436.00","114987.00","--","-3551.00","-29657.00","-33208.00","2598.00","-35806.00","0.00","--","-35806.00","-118.00","--","-35924.00","-35678.00","--","-128.00","-35796.00","--","-128.00","-0.62"
"115/06/06","114","2","2736","富野","265810.00","140211.00","--","--","125599.00","--","--","125599.00","175701.00","--","-50102.00","-8783.00","-58885.00","-2.00","-58883.00","--","--","-58883.00","-19988.00","--","-78871.00","-51797.00","--","-7086.00","-71785.00","--","-7086.00","-0.81"
"115/06/06","114","2","2740","華軒","76802.00","47393.00","--","--","29409.00","--","--","29409.00","46516.00","--","-17107.00","-10403.00","-27510.00","0.00","-27510.00","--","--","-27510.00","--","--","-27510.00","-27510.00","--","--","-27510.00","--","--","-2.11"
"115/06/06","114","2","2743","山富","3384243.00","2919496.00","--","--","464747.00","--","--","464747.00","234202.00","--","230545.00","-77974.00","152571.00","31508.00","121063.00","--","--","121063.00","--","--","121063.00","121063.00","--","--","121063.00","--","--","3.36"
"115/06/06","114","2","2745","五福","4401093.00","3853113.00","--","--","547980.00","--","--","547980.00","282561.00","--","265419.00","-38462.00","226957.00","48219.00","178738.00","--","--","178738.00","--","--","178738.00","178738.00","--","--","178738.00","--","--","5.29"
"115/06/06","114","2","2751","王座","763945.00","383484.00","--","--","380461.00","--","--","380461.00","342607.00","951.00","38805.00","-1927.00","36878.00","0.00","36878.00","--","--","36878.00","-346.00","--","36532.00","37540.00","--","-662.00","37194.00","--","-662.00","1.92"
"115/06/06","114","2","2752","豆府","1959094.00","947137.00","--","--","1011957.00","--","--","1011957.00","769750.00","--","242207.00","-8202.00","234005.00","50078.00","183927.00","--","--","183927.00","-1047.00","--","182880.00","182775.00","--","1152.00","181955.00","--","925.00","6.85"
"115/06/06","114","2","2754","亞洲藏壽司","2769261.00","1650929.00","--","--","1118332.00","--","--","1118332.00","995083.00","--","123249.00","-90487.00","32762.00","6683.00","26079.00","--","--","26079.00","-5006.00","--","21073.00","26079.00","--","--","21073.00","--","--","0.56"
"115/06/06","114","2","2755","揚秦","1432785.00","1041443.00","--","--","391342.00","--","--","391342.00","258041.00","--","133301.00","-4135.00","129166.00","25125.00","104041.00","--","--","104041.00","-4986.00","--","99055.00","104041.00","--","--","99055.00","--","--","3.45"
"115/06/06","114","2","2756","聯發國際","502561.00","214755.00","--","--","287806.00","--","--","287806.00","237393.00","--","50413.00","-6878.00","43535.00","14058.00","29477.00","--","--","29477.00","-22550.00","--","6927.00","29477.00","--","--","6927.00","--","--","1.21"
"115/06/06","114","2","2916","滿心","984951.00","456930.00","--","--","528021.00","--","--","528021.00","384619.00","--","143402.00","29532.00","172934.00","34587.00","138347.00","--","--","138347.00","-11454.00","--","126893.00","--","--","--","--","--","--","2.14"
"115/06/06","114","2","2924","宏太-KY","21595.00","12785.00","--","--","8810.00","--","--","8810.00","34822.00","--","-26012.00","528.00","-25484.00","0.00","-25484.00","--","--","-25484.00","-2310.00","--","-27794.00","-25484.00","--","--","-27794.00","--","--","-0.49"
"115/06/06","114","2","2926","誠品生活","3324201.00","2068815.00","--","--","1255386.00","--","--","1255386.00","1251545.00","--","3841.00","22174.00","26015.00","15339.00","10676.00","--","--","10676.00","-44078.00","--","-33402.00","10930.00","--","-254.00","-32951.00","--","-451.00","0.23"
"115/06/06","114","2","2937","集雅社","2350615.00","1830410.00","--","--","520205.00","--","--","520205.00","440843.00","--","79362.00","282.00","79644.00","15962.00","63682.00","--","--","63682.00","--","--","63682.00","63682.00","--","--","63682.00","--","--","1.46"
"115/06/06","114","2","2941","米斯特","468701.00","171773.00","--","--","296928.00","--","--","296928.00","271044.00","--","25884.00","266.00","26150.00","4982.00","21168.00","--","--","21168.00","-51.00","--","21117.00","--","--","--","--","--","--","1.38"
"115/06/06","114","2","2947","振宇五金","1109002.00","662257.00","--","--","446745.00","--","--","446745.00","395438.00","--","51307.00","-3274.00","48033.00","9896.00","38137.00","--","--","38137.00","--","--","38137.00","38137.00","0.00","0.00","38137.00","0.00","0.00","1.80"
"115/06/06","114","2","2948","寶陞","1085311.00","633022.00","--","--","452289.00","--","--","452289.00","393881.00","--","58408.00","-14569.00","43839.00","14083.00","29756.00","--","--","29756.00","-106174.00","--","-76418.00","29756.00","--","--","-76418.00","--","--","0.99"
"115/06/06","114","2","2949","欣新網","2569784.00","2256587.00","--","--","313197.00","--","--","313197.00","233311.00","--","79886.00","-5110.00","74776.00","22118.00","52658.00","--","--","52658.00","-1107.00","--","51551.00","51276.00","--","1382.00","50514.00","--","1037.00","2.06"
"115/06/06","114","2","3064","泰偉","44201.00","5022.00","--","--","39179.00","--","--","39179.00","49004.00","--","-9825.00","-14301.00","-24126.00","0.00","-24126.00","--","--","-24126.00","-671.00","--","-24797.00","-24124.00","--","-2.00","-24795.00","--","-2.00","-1.85"
"115/06/06","114","2","3066","李洲","104279.00","78556.00","--","--","25723.00","--","--","25723.00","68203.00","--","-42480.00","-127176.00","-169656.00","0.00","-169656.00","--","--","-169656.00","19232.00","--","-150424.00","-165630.00","--","-4026.00","-140160.00","--","-10264.00","-1.99"
"115/06/06","114","2","3067","全域","26519.00","19207.00","--","--","7312.00","--","--","7312.00","14106.00","--","-6794.00","-11264.00","-18058.00","-2941.00","-15117.00","--","--","-15117.00","142.00","--","-14975.00","-15117.00","--","--","-14975.00","--","--","-0.76"
"115/06/06","114","2","3071","協禧","1120160.00","770622.00","--","--","349538.00","--","--","349538.00","299008.00","--","50530.00","60563.00","111093.00","55613.00","55480.00","--","--","55480.00","-174775.00","--","-119295.00","53221.00","--","2259.00","-105923.00","--","-13372.00","0.48"
"115/06/06","114","2","3073","天方能源","30085.00","14415.00","--","--","15670.00","--","--","15670.00","27074.00","33933.00","22529.00","371.00","22900.00","11.00","22889.00","--","--","22889.00","-16036.00","--","6853.00","22894.00","--","-5.00","6858.00","--","-5.00","0.62"
"115/06/06","114","2","3078","僑威","5967445.00","4387661.00","--","--","1579784.00","--","--","1579784.00","460755.00","--","1119029.00","-4823.00","1114206.00","321897.00","792309.00","--","--","792309.00","-465162.00","--","327147.00","792309.00","--","--","327147.00","--","--","3.48"
"115/06/06","114","2","3081","聯亞","1007596.00","620924.00","--","--","386672.00","--","--","386672.00","192874.00","--","193798.00","-19966.00","173832.00","34777.00","139055.00","--","--","139055.00","-646.00","--","138409.00","--","--","--","--","--","--","1.51"
"115/06/06","114","2","3083","網龍","170005.00","29121.00","--","--","140884.00","--","--","140884.00","168305.00","--","-27421.00","31088.00","3667.00","1643.00","2024.00","--","--","2024.00","-108647.00","--","-106623.00","235.00","--","1789.00","-106236.00","--","-387.00","0.00"
"115/06/06","114","2","3085","新零售","26163.00","12096.00","--","--","14067.00","--","--","14067.00","36594.00","--","-22527.00","1763.00","-20764.00","0.00","-20764.00","--","--","-20764.00","351.00","--","-20413.00","-20764.00","--","0.00","-20413.00","--","0.00","-0.30"
"115/06/06","114","2","3086","華義*","79346.00","41610.00","--","--","37736.00","--","--","37736.00","41013.00","--","-3277.00","-10424.00","-13701.00","--","-13701.00","--","--","-13701.00","-18.00","--","-13719.00","-12793.00","--","-908.00","-12802.00","--","-917.00","-0.49"
"115/06/06","114","2","3088","艾訊","3254566.00","2118735.00","--","--","1135831.00","71.00","71.00","1135831.00","834471.00","--","301360.00","-173197.00","128163.00","24723.00","103440.00","--","--","103440.00","-93741.00","--","9699.00","100234.00","--","3206.00","6493.00","--","3206.00","0.94"
"115/06/06","114","2","3093","港建*","1149230.00","845994.00","--","--","303236.00","--","--","303236.00","164011.00","--","139225.00","-16491.00","122734.00","27887.00","94847.00","--","--","94847.00","-20913.00","--","73934.00","94847.00","--","0.00","73934.00","--","0.00","0.65"
"115/06/06","114","2","3095","及成","302147.00","252461.00","--","--","49686.00","--","--","49686.00","55308.00","--","-5622.00","-21261.00","-26883.00","8.00","-26891.00","--","--","-26891.00","-2482.00","--","-29373.00","-26891.00","--","--","-29373.00","--","--","-2.69"
"115/06/06","114","2","3105","穩懋","7356201.00","6059907.00","--","--","1296294.00","--","--","1296294.00","1631894.00","--","-335600.00","-276290.00","-611890.00","-58347.00","-553543.00","--","--","-553543.00","-830828.00","--","-1384371.00","-405338.00","--","-148205.00","-1163323.00","--","-221048.00","-0.96"
"115/06/06","114","2","3114","好德","1523213.00","1381137.00","--","--","142076.00","--","--","142076.00","81417.00","--","60659.00","-51208.00","9451.00","7373.00","2078.00","--","--","2078.00","-123400.00","--","-121322.00","2078.00","--","0.00","-121322.00","--","0.00","0.03"
"115/06/06","114","2","3115","富榮綱","1264.00","0.00","--","--","1264.00","--","--","1264.00","15835.00","--","-14571.00","-2683.00","-17254.00","0.00","-17254.00","--","--","-17254.00","-7150.00","--","-24404.00","-17254.00","--","--","-24404.00","--","--","-0.41"
"115/06/06","114","2","3118","進階","348436.00","233391.00","--","--","115045.00","--","--","115045.00","85059.00","--","29986.00","11535.00","41521.00","7040.00","34481.00","--","--","34481.00","--","--","34481.00","--","--","--","--","--","--","1.06"
"115/06/06","114","2","3122","笙泉","166748.00","113112.00","--","--","53636.00","--","--","53636.00","89930.00","--","-36294.00","-6255.00","-42549.00","76.00","-42625.00","--","--","-42625.00","-1762.00","--","-44387.00","-42625.00","--","0.00","-44387.00","--","0.00","-1.05"
"115/06/06","114","2","3128","昇銳","561607.00","374972.00","--","--","186635.00","--","--","186635.00","139162.00","--","47473.00","-20825.00","26648.00","6817.00","19831.00","--","--","19831.00","--","--","19831.00","20122.00","--","-291.00","20122.00","--","-291.00","0.48"
"115/06/06","114","2","3131","弘塑","2871075.00","1703117.00","--","--","1167958.00","--","--","1167958.00","484363.00","--","683595.00","-72944.00","610651.00","150571.00","460080.00","--","--","460080.00","-7739.00","--","452341.00","461222.00","--","-1142.00","453516.00","--","-1175.00","15.79"
"115/06/06","114","2","3141","晶宏","794452.00","504242.00","--","--","290210.00","--","--","290210.00","251386.00","0.00","38824.00","-83899.00","-45075.00","-11403.00","-33672.00","--","--","-33672.00","49395.00","--","15723.00","-24226.00","--","-9446.00","25169.00","--","-9446.00","-0.32"
"115/06/06","114","2","3147","大綜","4460220.00","3946744.00","--","--","513476.00","--","--","513476.00","244832.00","--","268644.00","-57377.00","211267.00","54002.00","157265.00","--","--","157265.00","-11512.00","--","145753.00","157265.00","--","--","145753.00","--","--","4.03"
"115/06/06","114","2","3152","璟德","742833.00","417592.00","--","--","325241.00","--","--","325241.00","183041.00","--","142200.00","381457.00","523657.00","33871.00","489786.00","--","--","489786.00","--","--","489786.00","--","--","--","--","--","--","7.10"
"115/06/06","114","2","3158","嘉實","477091.00","166431.00","--","--","310660.00","--","--","310660.00","209767.00","--","100893.00","2969.00","103862.00","20687.00","83175.00","--","--","83175.00","-481.00","--","82694.00","83174.00","--","1.00","82693.00","--","1.00","3.11"
"115/06/06","114","2","3162","精確","3648362.00","3137470.00","--","--","510892.00","--","--","510892.00","348730.00","--","162162.00","-21140.00","141022.00","7622.00","133400.00","--","--","133400.00","-73904.00","--","59496.00","132721.00","--","679.00","59375.00","--","121.00","1.02"
"115/06/06","114","2","3163","波若威","1062395.00","876573.00","--","--","185822.00","--","--","185822.00","128600.00","--","57222.00","-1645.00","55577.00","12377.00","43200.00","--","--","43200.00","-70003.00","--","-26803.00","43200.00","--","--","-26803.00","--","--","0.54"
"115/06/06","114","2","3169","亞信","485406.00","230471.00","--","--","254935.00","--","--","254935.00","115150.00","--","139785.00","-3169.00","136616.00","22584.00","114032.00","--","--","114032.00","-19536.00","--","94496.00","114032.00","--","--","94496.00","--","--","1.81"
"115/06/06","114","2","3171","炎洲流通","731470.00","517238.00","--","--","214232.00","--","--","214232.00","140703.00","--","73529.00","3454.00","76983.00","15649.00","61334.00","--","--","61334.00","-10883.00","--","50451.00","61334.00","--","--","50451.00","--","--","1.85"
"115/06/06","114","2","3176","基亞","860152.00","303804.00","--","--","556348.00","49850.00","--","506498.00","466968.00","--","39530.00","-31977.00","7553.00","16680.00","-9127.00","--","--","-9127.00","-106725.00","--","-115852.00","64429.00","--","-73556.00","21451.00","--","-137303.00","0.46"
"115/06/06","114","2","3178","公準","645219.00","543022.00","--","--","102197.00","--","--","102197.00","92361.00","--","9836.00","-28993.00","-19157.00","-3867.00","-15290.00","--","--","-15290.00","-1757.00","--","-17047.00","-15672.00","--","382.00","-16903.00","--","-144.00","-0.35"
"115/06/06","114","2","3188","鑫龍騰","306723.00","157735.00","--","--","148988.00","--","--","148988.00","50561.00","--","98427.00","-4910.00","93517.00","28456.00","65061.00","--","--","65061.00","--","--","65061.00","65061.00","--","--","65061.00","--","--","0.35"
"115/06/06","114","2","3191","雲嘉南","83732.00","65418.00","--","--","18314.00","--","--","18314.00","35835.00","--","-17521.00","-8943.00","-26464.00","-2895.00","-23569.00","--","--","-23569.00","4531.00","--","-19038.00","-23569.00","--","--","-19038.00","--","--","-0.54"
"115/06/06","114","2","3205","佰研","213631.00","175570.00","--","--","38061.00","--","--","38061.00","68565.00","--","-30504.00","-601.00","-31105.00","0.00","-31105.00","--","--","-31105.00","-1330.00","--","-32435.00","-31426.00","--","321.00","-32546.00","--","111.00","-0.78"
"115/06/06","114","2","3206","志豐","1738850.00","1371345.00","--","--","367505.00","--","--","367505.00","275870.00","--","91635.00","-2036.00","89599.00","21165.00","68434.00","--","--","68434.00","-108744.00","--","-40310.00","65612.00","--","2822.00","-39086.00","--","-1224.00","1.11"
"115/06/06","114","2","3207","耀勝","860403.00","726378.00","--","--","134025.00","--","--","134025.00","152755.00","--","-18730.00","42229.00","23499.00","3030.00","20469.00","--","--","20469.00","-133661.00","--","-113192.00","26846.00","--","-6377.00","-106163.00","--","-7029.00","0.40"
"115/06/06","114","2","3211","順達","5612174.00","4805683.00","--","--","806491.00","--","--","806491.00","445424.00","--","361067.00","649320.00","1010387.00","253365.00","757022.00","--","--","757022.00","-780822.00","--","-23800.00","757022.00","--","--","-23800.00","--","--","4.96"
"115/06/06","114","2","3213","茂訊","1532013.00","1010537.00","--","--","521476.00","--","--","521476.00","171631.00","--","349845.00","-84550.00","265295.00","61895.00","203400.00","--","--","203400.00","708286.00","--","911686.00","200844.00","--","2556.00","909130.00","--","2556.00","3.42"
"115/06/06","114","2","3217","優群","1977451.00","1005898.00","--","--","971553.00","--","--","971553.00","343909.00","--","627644.00","-18157.00","609487.00","135340.00","474147.00","--","--","474147.00","-336997.00","--","137150.00","474147.00","--","--","137150.00","--","--","5.26"
"115/06/06","114","2","3218","大學光","2146164.00","875131.00","--","--","1271033.00","--","--","1271033.00","544273.00","--","726760.00","-148264.00","578496.00","165745.00","412751.00","--","--","412751.00","-45470.00","--","367281.00","405156.00","--","7595.00","371261.00","--","-3980.00","4.78"
"115/06/06","114","2","3219","倚強科","818319.00","292031.00","--","--","526288.00","--","--","526288.00","412411.00","--","113877.00","-15377.00","98500.00","13494.00","85006.00","--","--","85006.00","-109591.00","--","-24585.00","60370.00","--","24636.00","-13725.00","--","-10860.00","0.85"
"115/06/06","114","2","3221","台嘉碩","1107291.00","886534.00","--","--","220757.00","--","--","220757.00","189464.00","--","31293.00","-65072.00","-33779.00","-4463.00","-29316.00","--","--","-29316.00","-53569.00","--","-82885.00","-11925.00","--","-17391.00","-64641.00","--","-18244.00","-0.12"
"115/06/06","114","2","3224","三顧","758753.00","664268.00","--","--","94485.00","--","--","94485.00","216634.00","--","-122149.00","-28040.00","-150189.00","-6699.00","-143490.00","--","--","-143490.00","-44001.00","--","-187491.00","-55692.00","--","-87798.00","-99731.00","--","-87760.00","-0.82"
"115/06/06","114","2","3226","龍鋒","967833.00","783709.00","--","--","184124.00","--","--","184124.00","87425.00","--","96699.00","-113537.00","-16838.00","2549.00","-19387.00","--","--","-19387.00","--","--","-19387.00","--","--","--","--","--","--","-0.30"
"115/06/06","114","2","3227","原相","4628736.00","1747597.00","--","--","2881139.00","--","--","2881139.00","1764551.00","--","1116588.00","-104050.00","1012538.00","117903.00","894635.00","--","--","894635.00","-326436.00","--","568199.00","911531.00","--","-16896.00","585095.00","--","-16896.00","6.25"
"115/06/06","114","2","3228","金麗科","155563.00","55356.00","--","--","100207.00","--","--","100207.00","169661.00","--","-69454.00","-7262.00","-76716.00","0.00","-76716.00","--","--","-76716.00","-568.00","--","-77284.00","--","--","--","--","--","--","-1.09"
"115/06/06","114","2","3230","錦明","209347.00","187507.00","--","--","21840.00","--","--","21840.00","77953.00","0.00","-56113.00","-5939.00","-62052.00","-477.00","-61575.00","--","--","-61575.00","-39759.00","--","-101334.00","-61575.00","--","--","-101334.00","--","--","-0.71"
"115/06/06","114","2","3232","昱捷","490064.00","400651.00","--","--","89413.00","--","--","89413.00","64811.00","--","24602.00","-23752.00","850.00","2852.00","-2002.00","--","--","-2002.00","-9960.00","--","-11962.00","-2002.00","--","--","-11962.00","--","0.00","-0.04"
"115/06/06","114","2","3234","光環","359335.00","285190.00","--","--","74145.00","307.00","179.00","74017.00","118018.00","--","-44001.00","-12977.00","-56978.00","0.00","-56978.00","--","--","-56978.00","-9141.00","--","-66119.00","-52774.00","--","-4204.00","-61915.00","--","-4204.00","-0.47"
"115/06/06","114","2","3236","千如","977449.00","752373.00","--","--","225076.00","--","--","225076.00","208848.00","--","16228.00","-37585.00","-21357.00","-1143.00","-20214.00","--","--","-20214.00","-90872.00","--","-111086.00","-20214.00","--","--","-111086.00","--","--","-0.19"
"115/06/06","114","2","3252","海灣","250769.00","154482.00","--","--","96287.00","--","--","96287.00","58108.00","--","38179.00","-28720.00","9459.00","-23.00","9482.00","--","--","9482.00","0.00","--","9482.00","2509.00","--","6973.00","2509.00","--","6973.00","0.05"
"115/06/06","114","2","3259","鑫創","104777.00","92817.00","--","--","11960.00","--","--","11960.00","98408.00","--","-86448.00","801.00","-85647.00","--","-85647.00","--","--","-85647.00","--","--","-85647.00","--","--","--","--","--","--","-1.17"
"115/06/06","114","2","3260","威剛","22731920.00","18933661.00","--","--","3798259.00","--","--","3798259.00","2149350.00","--","1648909.00","391986.00","2040895.00","587206.00","1453689.00","--","--","1453689.00","-975491.00","--","478198.00","1404991.00","--","48698.00","418673.00","--","59525.00","4.49"
"115/06/06","114","2","3264","欣銓","6636294.00","4264421.00","--","--","2371873.00","--","--","2371873.00","690912.00","--","1680961.00","-181063.00","1499898.00","335345.00","1164553.00","--","--","1164553.00","-267223.00","--","897330.00","1164553.00","--","--","897330.00","--","--","2.46"
"115/06/06","114","2","3265","台星科","2254445.00","1622386.00","--","--","632059.00","--","--","632059.00","145300.00","--","486759.00","-130657.00","356102.00","56949.00","299153.00","--","--","299153.00","-320835.00","--","-21682.00","299153.00","--","--","-21682.00","--","--","2.20"
"115/06/06","114","2","3268","海德威","480735.00","450918.00","--","--","29817.00","--","--","29817.00","39664.00","--","-9847.00","-45174.00","-55021.00","-7585.00","-47436.00","--","--","-47436.00","-17238.00","--","-64674.00","-47436.00","--","--","-64674.00","--","--","-1.37"
"115/06/06","114","2","3272","東碩","1533705.00","1363703.00","--","--","170002.00","--","--","170002.00","291614.00","--","-121612.00","2079.00","-119533.00","2561.00","-122094.00","--","--","-122094.00","-253573.00","--","-375667.00","-122094.00","--","--","-375667.00","--","--","-2.00"
"115/06/06","114","2","3276","宇環","257169.00","264997.00","--","--","-7828.00","--","--","-7828.00","46565.00","--","-54393.00","36650.00","-17743.00","0.00","-17743.00","--","--","-17743.00","-61266.00","--","-79009.00","3361.00","--","-21104.00","-57905.00","--","-21104.00","0.05"
"115/06/06","114","2","3284","太普高","436075.00","301914.00","--","--","134161.00","--","--","134161.00","50615.00","--","83546.00","-9462.00","74084.00","17305.00","56779.00","--","--","56779.00","-13746.00","--","43033.00","58777.00","--","-1998.00","47213.00","--","-4180.00","0.64"
"115/06/06","114","2","3285","微端","306219.00","244916.00","--","--","61303.00","--","--","61303.00","67343.00","--","-6040.00","-3647.00","-9687.00","-1143.00","-8544.00","--","--","-8544.00","-22399.00","--","-30943.00","-9711.00","--","1167.00","-29856.00","--","-1087.00","-0.23"
"115/06/06","114","2","3287","廣寰科","410084.00","297867.00","--","--","112217.00","--","--","112217.00","99009.00","--","13208.00","-41707.00","-28499.00","1252.00","-29751.00","--","--","-29751.00","6938.00","--","-22813.00","-25835.00","--","-3916.00","-18897.00","--","-3916.00","-0.59"
"115/06/06","114","2","3288","點晶","35532.00","12776.00","--","--","22756.00","--","--","22756.00","29264.00","--","-6508.00","682.00","-5826.00","0.00","-5826.00","--","--","-5826.00","-3261.00","--","-9087.00","-5824.00","--","-2.00","-9085.00","--","-2.00","-0.39"
"115/06/06","114","2","3289","宜特","2335525.00","1656885.00","--","--","678640.00","--","--","678640.00","468286.00","--","210354.00","37018.00","247372.00","30346.00","217026.00","--","--","217026.00","-53092.00","--","163934.00","237902.00","--","-20876.00","184810.00","--","-20876.00","3.20"
"115/06/06","114","2","3290","東浦","1008997.00","712684.00","--","--","296313.00","--","--","296313.00","166793.00","--","129520.00","-26532.00","102988.00","53482.00","49506.00","--","--","49506.00","-206390.00","--","-156884.00","49506.00","--","0.00","-156884.00","--","0.00","0.38"
"115/06/06","114","2","3293","鈊象","10955637.00","246375.00","--","--","10709262.00","--","--","10709262.00","4118661.00","--","6590601.00","-499044.00","6091557.00","1020124.00","5071433.00","--","--","5071433.00","-5625.00","--","5065808.00","5071677.00","--","-244.00","5066301.00","--","-493.00","18.00"
"115/06/06","114","2","3294","英濟","1596160.00","1440069.00","--","--","156091.00","--","--","156091.00","289340.00","--","-133249.00","-2268.00","-135517.00","5234.00","-140751.00","--","--","-140751.00","-178242.00","--","-318993.00","-136551.00","--","-4200.00","-313736.00","--","-5257.00","-1.03"
"115/06/06","114","2","3297","杭特","94255.00","60325.00","--","--","33930.00","--","--","33930.00","48606.00","--","-14676.00","21749.00","7073.00","-2528.00","9601.00","--","--","9601.00","618.00","--","10219.00","9601.00","--","--","10219.00","--","--","0.27"
"115/06/06","114","2","3303","岱稜","1501332.00","884819.00","--","--","616513.00","--","--","616513.00","325431.00","--","291082.00","-42524.00","248558.00","63911.00","184647.00","--","--","184647.00","-51380.00","--","133267.00","181677.00","--","2970.00","130297.00","--","2970.00","1.93"
"115/06/06","114","2","3306","鼎天","517011.00","377848.00","--","--","139163.00","--","--","139163.00","161942.00","930.00","-21849.00","107979.00","86130.00","-20.00","86150.00","--","--","86150.00","-64818.00","--","21332.00","86150.00","--","--","21332.00","--","--","1.70"
"115/06/06","114","2","3310","佳穎","1800916.00","1356152.00","--","--","444764.00","--","--","444764.00","183747.00","--","261017.00","-37243.00","223774.00","61979.00","161795.00","--","--","161795.00","-60602.00","--","101193.00","165670.00","--","-3875.00","105068.00","--","-3875.00","2.43"
"115/06/06","114","2","3313","斐成","857.00","2792.00","--","--","-1935.00","--","--","-1935.00","27012.00","--","-28947.00","-21207.00","-50154.00","-697.00","-49457.00","--","--","-49457.00","--","--","-49457.00","-49373.00","--","-84.00","-49373.00","--","-84.00","-0.25"
"115/06/06","114","2","3317","尼克森","1327955.00","967807.00","--","--","360148.00","--","--","360148.00","219522.00","--","140626.00","1333.00","141959.00","31644.00","110315.00","--","--","110315.00","-863.00","--","109452.00","108613.00","--","1702.00","107750.00","--","1702.00","1.34"
"115/06/06","114","2","3322","建舜電","1521014.00","1313418.00","--","--","207596.00","--","--","207596.00","261174.00","--","-53578.00","-40093.00","-93671.00","-2188.00","-91483.00","--","--","-91483.00","-115484.00","--","-206967.00","-91481.00","--","-2.00","-206965.00","--","-2.00","-0.75"
"115/06/06","114","2","3323","加百裕","2467862.00","2287995.00","--","--","179867.00","--","--","179867.00","289403.00","--","-109536.00","-3749.00","-113285.00","2075.00","-115360.00","--","--","-115360.00","-32403.00","--","-147763.00","-124382.00","--","9022.00","-156785.00","--","9022.00","-1.33"
"115/06/06","114","2","3324","雙鴻","9721388.00","7126492.00","--","--","2594896.00","--","--","2594896.00","1397716.00","--","1197180.00","-320049.00","877131.00","184067.00","693064.00","--","--","693064.00","-415032.00","--","278032.00","669234.00","--","23830.00","278245.00","--","-213.00","7.41"
"115/06/06","114","2","3325","旭品","642409.00","606793.00","--","--","35616.00","--","--","35616.00","99153.00","--","-63537.00","-22626.00","-86163.00","-13902.00","-72261.00","--","--","-72261.00","-84097.00","--","-156358.00","-65632.00","--","-6629.00","-145606.00","--","-10752.00","-0.73"
"115/06/06","114","2","3332","幸康","822428.00","505476.00","--","--","316952.00","--","--","316952.00","205538.00","--","111414.00","17310.00","128724.00","26991.00","101733.00","--","--","101733.00","-148837.00","--","-47104.00","101733.00","--","--","-47104.00","--","--","2.11"
"115/06/06","114","2","3339","泰谷","393721.00","377927.00","--","--","15794.00","--","--","15794.00","74439.00","--","-58645.00","-20696.00","-79341.00","-506.00","-78835.00","--","--","-78835.00","--","--","-78835.00","-78849.00","--","14.00","-78849.00","--","14.00","-1.22"
"115/06/06","114","2","3349","寶德","263485.00","210181.00","--","--","53304.00","--","--","53304.00","60093.00","--","-6789.00","-17150.00","-23939.00","805.00","-24744.00","--","--","-24744.00","5881.00","--","-18863.00","-24744.00","--","--","-18863.00","--","--","-0.62"
"115/06/06","114","2","3354","律勝","49542.00","44861.00","--","--","4681.00","--","--","4681.00","52899.00","--","-48218.00","-8750.00","-56968.00","-9388.00","-47580.00","--","--","-47580.00","-9315.00","--","-56895.00","-47580.00","--","--","-56895.00","--","--","-0.68"
"115/06/06","114","2","3357","臺慶科","3169946.00","2373820.00","--","--","796126.00","1598.00","--","794528.00","457350.00","--","337178.00","256552.00","593730.00","55126.00","538604.00","--","--","538604.00","-587166.00","--","-48562.00","542263.00","--","-3659.00","-33819.00","--","-14743.00","5.31"
"115/06/06","114","2","3360","尚立","3149967.00","3009374.00","--","--","140593.00","--","--","140593.00","158010.00","--","-17417.00","-21227.00","-38644.00","8265.00","-46909.00","--","--","-46909.00","-31074.00","--","-77983.00","-35919.00","--","-10990.00","-66536.00","--","-11447.00","-0.47"
"115/06/06","114","2","3362","先進光","2097742.00","1642140.00","--","--","455602.00","--","--","455602.00","375344.00","--","80258.00","-278711.00","-198453.00","-21486.00","-176967.00","--","--","-176967.00","-87602.00","--","-264569.00","-176403.00","--","-564.00","-263987.00","--","-582.00","-1.24"
"115/06/06","114","2","3363","上詮","993479.00","808016.00","--","--","185463.00","--","--","185463.00","160146.00","--","25317.00","-9784.00","15533.00","-2447.00","17980.00","--","--","17980.00","-54097.00","--","-36117.00","17980.00","--","--","-36117.00","--","--","0.17"
"115/06/06","114","2","3372","典範","510481.00","592102.00","--","--","-81621.00","--","--","-81621.00","45405.00","--","-127026.00","-11202.00","-138228.00","0.00","-138228.00","--","--","-138228.00","--","--","-138228.00","--","--","--","--","--","--","-0.79"
"115/06/06","114","2","3373","熱映","192418.00","163735.00","--","--","28683.00","--","--","28683.00","65803.00","--","-37120.00","-12448.00","-49568.00","-7858.00","-41710.00","--","--","-41710.00","-41184.00","--","-82894.00","-41710.00","--","--","-82894.00","--","--","-0.96"
"115/06/06","114","2","3374","精材","3082262.00","2382931.00","--","--","699331.00","--","--","699331.00","244019.00","50311.00","505623.00","-55082.00","450541.00","43574.00","406967.00","--","--","406967.00","--","--","406967.00","--","--","--","--","--","--","1.50"
"115/06/06","114","2","3379","彬台","577158.00","487796.00","--","--","89362.00","--","--","89362.00","87531.00","--","1831.00","5365.00","7196.00","627.00","6569.00","--","--","6569.00","-25908.00","--","-19339.00","6569.00","--","--","-19339.00","--","--","0.17"
"115/06/06","114","2","3388","崇越電","3695116.00","3051548.00","--","--","643568.00","--","--","643568.00","424839.00","--","218729.00","-4358.00","214371.00","69904.00","144467.00","--","--","144467.00","-377774.00","--","-233307.00","139905.00","--","4562.00","-235107.00","--","1800.00","1.89"
"115/06/06","114","2","3390","旭軟","377617.00","329775.00","--","--","47842.00","--","--","47842.00","73005.00","0.00","-25163.00","-50199.00","-75362.00","-14807.00","-60555.00","--","--","-60555.00","-14358.00","--","-74913.00","-60555.00","--","--","-74913.00","--","--","-0.81"
"115/06/06","114","2","3402","漢科","2523713.00","1876812.00","--","--","646901.00","--","--","646901.00","273561.00","--","373340.00","23213.00","396553.00","107134.00","289419.00","--","--","289419.00","-63995.00","--","225424.00","289419.00","--","--","225424.00","--","--","3.96"
"115/06/06","114","2","3426","台興","369136.00","241778.00","--","--","127358.00","--","--","127358.00","79148.00","--","48210.00","5193.00","53403.00","13311.00","40092.00","--","--","40092.00","-76818.00","--","-36726.00","40092.00","--","--","-36726.00","--","--","1.52"
"115/06/06","114","2","3430","奇鈦科","762230.00","567885.00","--","--","194345.00","--","--","194345.00","106219.00","--","88126.00","-27683.00","60443.00","19679.00","40764.00","--","--","40764.00","-22836.00","--","17928.00","40764.00","--","--","17928.00","--","--","1.21"
"115/06/06","114","2","3434","哲固","396815.00","316051.00","--","--","80764.00","--","--","80764.00","52524.00","--","28240.00","-17395.00","10845.00","2170.00","8675.00","--","--","8675.00","-108.00","--","8567.00","8675.00","--","--","8567.00","--","--","0.30"
"115/06/06","114","2","3438","類比科","542719.00","362141.00","--","--","180578.00","--","--","180578.00","153432.00","--","27146.00","-21512.00","5634.00","-1081.00","6715.00","--","--","6715.00","-132774.00","--","-126059.00","--","--","--","--","--","--","0.14"
"115/06/06","114","2","3441","聯一光電","183977.00","122329.00","--","--","61648.00","--","--","61648.00","36538.00","--","25110.00","-29931.00","-4821.00","3004.00","-7825.00","--","--","-7825.00","-57651.00","--","-65476.00","-8312.00","--","487.00","-64685.00","--","-791.00","-0.21"
"115/06/06","114","2","3444","利機","623736.00","480184.00","--","--","143552.00","--","--","143552.00","93840.00","--","49712.00","7375.00","57087.00","2780.00","54307.00","--","--","54307.00","-41469.00","--","12838.00","54307.00","--","0.00","12838.00","--","0.00","1.21"
"115/06/06","114","2","3455","由田","739900.00","367982.00","--","--","371918.00","--","--","371918.00","352258.00","--","19660.00","-122643.00","-102983.00","-23323.00","-79660.00","--","--","-79660.00","-14171.00","--","-93831.00","-79660.00","--","--","-93831.00","--","--","-1.33"
"115/06/06","114","2","3465","進泰電子","834405.00","654862.00","--","--","179543.00","--","--","179543.00","128352.00","--","51191.00","-63072.00","-11881.00","4140.00","-16021.00","--","--","-16021.00","-87288.00","--","-103309.00","-13622.00","--","-2399.00","-94960.00","--","-8349.00","-0.39"
"115/06/06","114","2","3466","德晉","37390.00","68665.00","--","--","-31275.00","--","--","-31275.00","4173.00","--","-35448.00","-25422.00","-60870.00","0.00","-60870.00","--","--","-60870.00","-8434.00","--","-69304.00","-60870.00","--","--","-69304.00","--","--","-0.87"
"115/06/06","114","2","3467","台灣精材","308383.00","249563.00","--","--","58820.00","--","--","58820.00","46098.00","--","12722.00","-4488.00","8234.00","1453.00","6781.00","--","--","6781.00","--","--","6781.00","--","--","--","--","--","--","0.23"
"115/06/06","114","2","3479","安勤","4027468.00","2958133.00","--","--","1069335.00","0.00","0.00","1069335.00","665841.00","0.00","403494.00","-12283.00","391211.00","125387.00","265824.00","--","--","265824.00","-204338.00","--","61486.00","224599.00","--","41225.00","52896.00","0.00","8590.00","3.09"
"115/06/06","114","2","3483","力致","4290638.00","3434242.00","--","--","856396.00","--","--","856396.00","752218.00","--","104178.00","90453.00","194631.00","45904.00","148727.00","--","--","148727.00","-324221.00","--","-175494.00","148727.00","--","--","-175494.00","--","--","1.50"
"115/06/06","114","2","3484","崧騰","2350685.00","1751805.00","--","--","598880.00","--","--","598880.00","375374.00","--","223506.00","32463.00","255969.00","90843.00","165126.00","--","--","165126.00","-326815.00","--","-161689.00","164586.00","--","540.00","-157420.00","--","-4269.00","2.11"
"115/06/06","114","2","3485","敘豐","285549.00","114758.00","--","--","170791.00","--","--","170791.00","23523.00","--","147268.00","-47520.00","99748.00","22027.00","77721.00","--","--","77721.00","-11052.00","--","66669.00","77721.00","--","--","66669.00","--","--","2.27"
"115/06/06","114","2","3489","森寶","268972.00","258652.00","--","--","10320.00","--","--","10320.00","13851.00","221.00","-3310.00","1911.00","-1399.00","4767.00","-6166.00","--","--","-6166.00","--","--","-6166.00","-6166.00","0.00","0.00","-6166.00","0.00","0.00","-0.07"
"115/06/06","114","2","3490","單井","111334.00","100259.00","--","--","11075.00","--","--","11075.00","42658.00","--","-31583.00","16047.00","-15536.00","-8708.00","-6828.00","--","--","-6828.00","-26082.00","--","-32910.00","-6828.00","--","--","-32910.00","--","--","-0.12"
"115/06/06","114","2","3491","昇達科","1133784.00","597562.00","--","--","536222.00","--","--","536222.00","275901.00","--","260321.00","662.00","260983.00","46248.00","214735.00","--","--","214735.00","-146204.00","--","68531.00","213979.00","--","756.00","67828.00","--","703.00","3.27"
"115/06/06","114","2","3492","長盛","439722.00","296023.00","--","--","143699.00","0.00","0.00","143699.00","95493.00","0.00","48206.00","-6638.00","41568.00","6286.00","35282.00","--","--","35282.00","-34807.00","--","475.00","35282.00","0.00","0.00","475.00","0.00","0.00","0.99"
"115/06/06","114","2","3498","陽程","609324.00","410265.00","--","--","199059.00","--","--","199059.00","162294.00","--","36765.00","-21220.00","15545.00","58473.00","-42928.00","--","--","-42928.00","-99924.00","--","-142852.00","-42563.00","--","-365.00","-142601.00","--","-251.00","-0.70"
"115/06/06","114","2","3499","環天科","182249.00","144633.00","--","--","37616.00","--","--","37616.00","72666.00","--","-35050.00","-7719.00","-42769.00","4319.00","-47088.00","--","--","-47088.00","-21201.00","--","-68289.00","-47088.00","0.00","0.00","-68289.00","--","0.00","-0.86"
"115/06/06","114","2","3508","位速","464656.00","423943.00","--","--","40713.00","--","--","40713.00","131727.00","--","-91014.00","-3326.00","-94340.00","2078.00","-96418.00","--","--","-96418.00","-15025.00","--","-111443.00","-94379.00","--","-2039.00","-108633.00","--","-2810.00","-0.92"
"115/06/06","114","2","3511","矽瑪","878897.00","769537.00","--","--","109360.00","--","--","109360.00","181349.00","--","-71989.00","-7635.00","-79624.00","-10091.00","-69533.00","--","--","-69533.00","-21302.00","--","-90835.00","-51302.00","--","-18231.00","-72604.00","--","-18231.00","-0.64"
"115/06/06","114","2","3512","皇龍","760810.00","547119.00","--","--","213691.00","--","--","213691.00","85145.00","--","128546.00","-3328.00","125218.00","19856.00","105362.00","--","--","105362.00","0.00","--","105362.00","105362.00","--","--","105362.00","--","--","0.99"
"115/06/06","114","2","3516","亞帝歐","444391.00","377580.00","--","--","66811.00","--","--","66811.00","97693.00","--","-30882.00","21942.00","-8940.00","-565.00","-8375.00","--","--","-8375.00","-72176.00","--","-80551.00","1444.00","--","-9819.00","-70732.00","--","-9819.00","0.02"
"115/06/06","114","2","3520","華盈","581105.00","492784.00","--","--","88321.00","--","--","88321.00","78488.00","--","9833.00","-25047.00","-15214.00","-4331.00","-10883.00","--","--","-10883.00","-25619.00","--","-36502.00","-10131.00","--","-752.00","-35584.00","--","-918.00","-0.15"
"115/06/06","114","2","3521","台鋼建設","198911.00","146903.00","--","--","52008.00","--","--","52008.00","47815.00","--","4193.00","453.00","4646.00","24088.00","-19442.00","--","--","-19442.00","50.00","--","-19392.00","-19442.00","--","0.00","-19392.00","--","0.00","-0.15"
"115/06/06","114","2","3522","御嵿","625949.00","327413.00","--","--","298536.00","--","--","298536.00","365631.00","--","-67095.00","-4885.00","-71980.00","21.00","-72001.00","--","--","-72001.00","58613.00","--","-13388.00","-64563.00","--","-7438.00","-5950.00","--","-7438.00","-0.77"
"115/06/06","114","2","3523","迎輝","47855.00","71050.00","--","--","-23195.00","--","--","-23195.00","43600.00","--","-66795.00","2088.00","-64707.00","0.00","-64707.00","--","--","-64707.00","0.00","--","-64707.00","-65435.00","--","728.00","-65435.00","--","728.00","-1.02"
"115/06/06","114","2","3526","凡甲","1849061.00","886347.00","--","--","962714.00","--","--","962714.00","332246.00","--","630468.00","22907.00","653375.00","118515.00","534860.00","--","--","534860.00","-398969.00","--","135891.00","534860.00","--","0.00","135891.00","--","0.00","8.24"
"115/06/06","114","2","3527","聚積","758631.00","461604.00","--","--","297027.00","--","--","297027.00","333779.00","--","-36752.00","-3772.00","-40524.00","-348.00","-40176.00","--","--","-40176.00","-37645.00","--","-77821.00","-40176.00","--","--","-77821.00","--","--","-0.90"
"115/06/06","114","2","3529","力旺","1848269.00","0.00","--","--","1848269.00","--","--","1848269.00","780031.00","--","1068238.00","-46024.00","1022214.00","170373.00","851841.00","--","--","851841.00","-3117.00","--","848724.00","861701.00","--","-9860.00","858889.00","--","-10165.00","11.54"
"115/06/06","114","2","3531","先益","731981.00","585492.00","--","--","146489.00","--","--","146489.00","116262.00","--","30227.00","-85920.00","-55693.00","-3124.00","-52569.00","--","--","-52569.00","-77719.00","--","-130288.00","-52479.00","--","-90.00","-130198.00","--","-90.00","-0.86"
"115/06/06","114","2","3537","堡達","1434741.00","1221407.00","--","--","213334.00","--","-260.00","213074.00","98567.00","--","114507.00","-110805.00","3702.00","1039.00","2663.00","--","--","2663.00","-23111.00","--","-20448.00","2663.00","--","--","-20448.00","--","--","0.05"
"115/06/06","114","2","3540","曜越","2597017.00","1725900.00","--","--","871117.00","--","--","871117.00","736296.00","0.00","134821.00","-130435.00","4386.00","3678.00","708.00","--","--","708.00","-155923.00","--","-155215.00","1620.00","--","-912.00","-154303.00","--","-912.00","0.02"
"115/06/06","114","2","3541","西柏","557188.00","357140.00","--","--","200048.00","--","--","200048.00","216652.00","--","-16604.00","-59000.00","-75604.00","-18603.00","-57001.00","--","--","-57001.00","-222.00","--","-57223.00","-57001.00","--","--","-57223.00","--","--","-1.02"
"115/06/06","114","2","3546","宇峻","630497.00","33466.00","--","--","597031.00","--","--","597031.00","528986.00","--","68045.00","-54751.00","13294.00","-11261.00","24555.00","--","--","24555.00","31131.00","--","55686.00","24555.00","--","--","55686.00","--","--","0.42"
"115/06/06","114","2","3548","兆利","5335254.00","4663607.00","--","--","671647.00","--","--","671647.00","477068.00","--","194579.00","-53782.00","140797.00","136984.00","3813.00","--","--","3813.00","-465156.00","--","-461343.00","3813.00","--","--","-461343.00","--","--","0.06"
"115/06/06","114","2","3551","世禾","1400217.00","881735.00","--","--","518482.00","--","--","518482.00","259028.00","--","259454.00","25071.00","284525.00","56945.00","227580.00","--","--","227580.00","-150535.00","--","77045.00","227580.00","--","--","77045.00","--","--","4.05"
"115/06/06","114","2","3552","同致","4023326.00","3269808.00","--","--","753518.00","--","--","753518.00","738892.00","--","14626.00","-11110.00","3516.00","-13589.00","17105.00","--","--","17105.00","-360404.00","--","-343299.00","17105.00","--","--","-343299.00","--","--","0.18"
"115/06/06","114","2","3555","博士旺","37166.00","37796.00","--","--","-630.00","--","--","-630.00","24657.00","--","-25287.00","-5004.00","-30291.00","--","-30291.00","--","--","-30291.00","-896.00","--","-31187.00","-24805.00","--","-5486.00","-25542.00","--","-5645.00","-0.83"
"115/06/06","114","2","3556","禾瑞亞","506382.00","263716.00","--","--","242666.00","--","--","242666.00","175232.00","--","67434.00","-12264.00","55170.00","9547.00","45623.00","--","--","45623.00","-2083.00","--","43540.00","53691.00","--","-8068.00","52331.00","--","-8791.00","0.84"
"115/06/06","114","2","3558","神準","7961953.00","6620637.00","--","--","1341316.00","--","--","1341316.00","1056452.00","45936.00","330800.00","19019.00","349819.00","49511.00","300308.00","--","--","300308.00","-99457.00","--","200851.00","228564.00","--","71744.00","131365.00","--","69486.00","3.87"
"115/06/06","114","2","3564","其陽","1185908.00","898033.00","--","--","287875.00","--","--","287875.00","242141.00","--","45734.00","-19373.00","26361.00","7006.00","19355.00","--","--","19355.00","-12917.00","--","6438.00","19355.00","--","--","6438.00","--","--","0.33"
"115/06/06","114","2","3567","逸昌","130753.00","92089.00","--","--","38664.00","--","--","38664.00","22105.00","--","16559.00","-480.00","16079.00","3237.00","12842.00","--","--","12842.00","--","--","12842.00","--","--","--","--","--","--","0.38"
"115/06/06","114","2","3570","大塚","1355174.00","983298.00","--","--","371876.00","--","--","371876.00","201462.00","--","170414.00","-1194.00","169220.00","37525.00","131695.00","--","--","131695.00","-9596.00","--","122099.00","131695.00","--","--","122099.00","--","--","7.70"
"115/06/06","114","2","3577","泓格","608814.00","278143.00","--","--","330671.00","--","--","330671.00","221659.00","1190.00","110202.00","-4133.00","106069.00","22329.00","83740.00","--","--","83740.00","-7386.00","--","76354.00","83740.00","--","--","76354.00","--","--","1.31"
"115/06/06","114","2","3580","友威科","203939.00","104580.00","--","--","99359.00","--","--","99359.00","42241.00","--","57118.00","-4664.00","52454.00","14446.00","38008.00","--","--","38008.00","-34980.00","--","3028.00","38008.00","--","--","3028.00","--","--","0.96"
"115/06/06","114","2","3581","博磊","655699.00","432227.00","--","--","223472.00","--","--","223472.00","188250.00","--","35222.00","-31215.00","4007.00","15369.00","-11362.00","--","--","-11362.00","-8618.00","--","-19980.00","-30412.00","--","19050.00","-39030.00","--","19050.00","-0.60"
"115/06/06","114","2","3587","閎康","2611814.00","1930672.00","--","--","681142.00","--","--","681142.00","492182.00","--","188960.00","-1222.00","187738.00","45443.00","142295.00","--","--","142295.00","-349277.00","--","-206982.00","142295.00","--","0.00","-206982.00","--","0.00","2.14"
"115/06/06","114","2","3594","磐儀","876560.00","511119.00","--","--","365441.00","--","0.00","365441.00","353747.00","--","11694.00","-69634.00","-57940.00","-11562.00","-46378.00","--","--","-46378.00","-106993.00","--","-153371.00","-39286.00","--","-7092.00","-134406.00","--","-18965.00","-0.41"
"115/06/06","114","2","3597","映興","395105.00","306871.00","--","--","88234.00","--","--","88234.00","73356.00","--","14878.00","-12725.00","2153.00","6435.00","-4282.00","--","--","-4282.00","-18780.00","--","-23062.00","-4282.00","--","--","-23062.00","--","--","-0.11"
"115/06/06","114","2","3609","三一東林","244700.00","207300.00","--","--","37400.00","--","--","37400.00","99550.00","--","-62150.00","-12197.00","-74347.00","0.00","-74347.00","--","--","-74347.00","1910.00","--","-72437.00","-74347.00","--","--","-72437.00","--","--","-1.94"
"115/06/06","114","2","3611","鼎翰","5937633.00","4067863.00","--","--","1869770.00","--","--","1869770.00","1274803.00","--","594967.00","-90004.00","504963.00","91338.00","413625.00","--","--","413625.00","-435255.00","--","-21630.00","410084.00","--","3541.00","-25062.00","--","3432.00","8.64"
"115/06/06","114","2","3615","安可","513258.00","389988.00","--","--","123270.00","--","--","123270.00","87757.00","--","35513.00","-11498.00","24015.00","6582.00","17433.00","--","--","17433.00","-14298.00","--","3135.00","-8720.00","--","26153.00","-23018.00","--","26153.00","-0.13"
"115/06/06","114","2","3623","富晶通","156414.00","151860.00","--","--","4554.00","--","--","4554.00","15223.00","--","-10669.00","-3372.00","-14041.00","-593.00","-13448.00","--","--","-13448.00","9431.00","--","-4017.00","--","--","--","--","--","--","-0.46"
"115/06/06","114","2","3624","光頡","1324650.00","955056.00","--","--","369594.00","--","--","369594.00","199744.00","--","169850.00","-73104.00","96746.00","33781.00","62965.00","--","--","62965.00","-39614.00","--","23351.00","61539.00","--","1426.00","24215.00","--","-864.00","0.52"
"115/06/06","114","2","3625","西勝","212947.00","189396.00","--","--","23551.00","--","--","23551.00","98805.00","--","-75254.00","73604.00","-1650.00","5335.00","-6985.00","--","--","-6985.00","-22224.00","--","-29209.00","-6985.00","--","--","-29209.00","--","--","-0.06"
"115/06/06","114","2","3628","盈正","1507476.00","1062624.00","--","--","444852.00","--","--","444852.00","355114.00","--","89738.00","-28598.00","61140.00","22939.00","38201.00","--","--","38201.00","-63125.00","--","-24924.00","38693.00","--","-492.00","-23076.00","--","-1848.00","0.86"
"115/06/06","114","2","3629","地心引力","71.00","15.00","--","--","56.00","--","--","56.00","15085.00","--","-15029.00","-2309.00","-17338.00","0.00","-17338.00","--","--","-17338.00","-1614.00","--","-18952.00","-17338.00","--","--","-18952.00","--","--","-0.53"
"115/06/06","114","2","3630","新鉅科","1124525.00","986597.00","--","--","137928.00","--","--","137928.00","365984.00","--","-228056.00","741875.00","513819.00","0.00","513819.00","--","--","513819.00","-92401.00","--","421418.00","513819.00","--","--","421418.00","--","--","2.59"
"115/06/06","114","2","3631","晟楠","17323.00","11768.00","--","--","5555.00","--","--","5555.00","57235.00","--","-51680.00","-26927.00","-78607.00","-19575.00","-59032.00","--","--","-59032.00","-76383.00","--","-135415.00","-47484.00","--","-11548.00","-123867.00","--","-11548.00","-0.58"
"115/06/06","114","2","3632","研勤","124446.00","55242.00","--","--","69204.00","--","--","69204.00","77011.00","--","-7807.00","-5071.00","-12878.00","-1487.00","-11391.00","--","--","-11391.00","-1426.00","--","-12817.00","-11091.00","--","-300.00","-12207.00","--","-610.00","-0.27"
"115/06/06","114","2","3646","艾恩特","344755.00","249616.00","--","--","95139.00","--","--","95139.00","81190.00","--","13949.00","14460.00","28409.00","8813.00","19596.00","--","--","19596.00","-54413.00","--","-34817.00","19596.00","--","--","-34817.00","--","--","0.50"
"115/06/06","114","2","3663","鑫科","2753210.00","2612069.00","--","--","141141.00","--","--","141141.00","113513.00","--","27628.00","-767.00","26861.00","21110.00","5751.00","--","--","5751.00","-136946.00","--","-131195.00","-2372.00","0.00","8123.00","-96961.00","0.00","-34234.00","-0.02"
"115/06/06","114","2","3664","安瑞-KY","373245.00","89882.00","--","--","283363.00","--","--","283363.00","325592.00","--","-42229.00","2970.00","-39259.00","-212.00","-39047.00","--","--","-39047.00","-36195.00","--","-75242.00","-39118.00","--","71.00","-75315.00","--","73.00","-0.67"
"115/06/06","114","2","3666","光耀","271170.00","279014.00","--","--","-7844.00","--","--","-7844.00","69310.00","--","-77154.00","-28377.00","-105531.00","3003.00","-108534.00","--","--","-108534.00","-12081.00","--","-120615.00","-108534.00","--","--","-120615.00","--","--","-1.89"
"115/06/06","114","2","3672","康聯訊","124928.00","86428.00","--","--","38500.00","--","--","38500.00","85389.00","--","-46889.00","-4365.00","-51254.00","-9753.00","-41501.00","--","--","-41501.00","65.00","--","-41436.00","-41469.00","--","-32.00","-41384.00","--","-52.00","-1.31"
"115/06/06","114","2","3675","德微","1268444.00","821340.00","--","--","447104.00","--","--","447104.00","346555.00","--","100549.00","-66263.00","34286.00","4921.00","29365.00","--","--","29365.00","-4960.00","--","24405.00","26185.00","0.00","3180.00","21225.00","0.00","3180.00","0.48"
"115/06/06","114","2","3680","家登","3418805.00","1972240.00","--","--","1446565.00","--","--","1446565.00","898905.00","--","547660.00","-168243.00","379417.00","97881.00","281536.00","--","--","281536.00","-342133.00","--","-60597.00","253365.00","--","28171.00","-76138.00","--","15541.00","2.64"
"115/06/06","114","2","3684","榮昌","553951.00","379251.00","--","--","174700.00","--","--","174700.00","114831.00","--","59869.00","-13698.00","46171.00","9330.00","36841.00","--","--","36841.00","-9537.00","--","27304.00","36841.00","0.00","0.00","27304.00","0.00","0.00","1.23"
"115/06/06","114","2","3685","元創精密","507316.00","408271.00","--","--","99045.00","--","--","99045.00","89112.00","--","9933.00","-80576.00","-70643.00","-338.00","-70305.00","--","--","-70305.00","-52278.00","--","-122583.00","-53225.00","--","-17080.00","-80706.00","--","-41877.00","-0.67"
"115/06/06","114","2","3687","歐買尬","868352.00","514817.00","--","--","353535.00","--","--","353535.00","208340.00","--","145195.00","57728.00","202923.00","41710.00","161213.00","--","--","161213.00","-2907.00","--","158306.00","27533.00","--","133680.00","25660.00","--","132646.00","0.92"
"115/06/06","114","2","3689","湧德","3032097.00","2143450.00","--","--","888647.00","--","--","888647.00","473791.00","--","414856.00","39790.00","454646.00","119625.00","335021.00","--","--","335021.00","-307227.00","--","27794.00","329262.00","--","5759.00","20218.00","--","7576.00","3.87"
"115/06/06","114","2","3691","碩禾","2129714.00","2027981.00","--","--","101733.00","--","--","101733.00","466083.00","--","-364350.00","-395554.00","-759904.00","-20958.00","-738946.00","--","--","-738946.00","106709.00","--","-632237.00","-644176.00","--","-94770.00","-565631.00","--","-66606.00","-7.01"
"115/06/06","114","2","3693","營邦","4299545.00","3028856.00","--","--","1270689.00","--","--","1270689.00","533483.00","--","737206.00","-240411.00","496795.00","136049.00","360746.00","--","--","360746.00","-86401.00","--","274345.00","375515.00","--","-14769.00","296308.00","--","-21963.00","8.73"
"115/06/06","114","2","3707","漢磊","2662425.00","2792956.00","--","--","-130531.00","--","--","-130531.00","333111.00","--","-463642.00","47481.00","-416161.00","-9313.00","-406848.00","--","--","-406848.00","-4486.00","--","-411334.00","-390069.00","--","-16779.00","-394457.00","--","-16877.00","-1.02"
"115/06/06","114","2","3709","鑫聯大投控","20804075.00","19738513.00","--","--","1065562.00","--","--","1065562.00","630654.00","--","434908.00","-49749.00","385159.00","134770.00","250389.00","--","--","250389.00","-165867.00","--","84522.00","251980.00","--","-1591.00","83573.00","--","949.00","2.22"
"115/06/06","114","2","3710","連展投控","3489339.00","2784492.00","--","--","704847.00","--","--","704847.00","729169.00","--","-24322.00","87641.00","63319.00","28338.00","34981.00","--","--","34981.00","-333838.00","--","-298857.00","26714.00","--","8267.00","-280208.00","--","-18649.00","0.09"
"115/06/06","114","2","3713","新晶投控","150071.00","130481.00","--","--","19590.00","--","211.00","19801.00","49683.00","27054.00","-2828.00","-18233.00","-21061.00","2645.00","-23706.00","--","--","-23706.00","3.00","--","-23703.00","-24428.00","--","722.00","-24425.00","--","722.00","-0.31"
"115/06/06","114","2","4102","永日","256212.00","197802.00","--","--","58410.00","--","--","58410.00","56736.00","--","1674.00","-11585.00","-9911.00","-3441.00","-6470.00","--","--","-6470.00","-12947.00","--","-19417.00","-8146.00","--","1676.00","-21093.00","--","1676.00","-0.19"
"115/06/06","114","2","4105","東洋","2970900.00","1199070.00","--","--","1771830.00","13737.00","12053.00","1770146.00","951586.00","--","818560.00","90667.00","909227.00","199508.00","709719.00","--","--","709719.00","-211128.00","--","498591.00","675752.00","--","33967.00","475935.00","--","22656.00","2.72"
"115/06/06","114","2","4107","邦特","1049020.00","600372.00","--","--","448648.00","--","--","448648.00","127121.00","--","321527.00","-16568.00","304959.00","57958.00","247001.00","--","--","247001.00","-51404.00","--","195597.00","247001.00","--","--","195597.00","--","--","3.56"
"115/06/06","114","2","4109","加捷生醫","238868.00","153037.00","--","--","85831.00","--","--","85831.00","71139.00","--","14692.00","14587.00","29279.00","14845.00","14434.00","--","--","14434.00","-8948.00","--","5486.00","12768.00","--","1666.00","3683.00","--","1803.00","0.11"
"115/06/06","114","2","4111","濟生","687364.00","415362.00","--","--","272002.00","--","--","272002.00","167078.00","--","104924.00","-12464.00","92460.00","18962.00","73498.00","--","--","73498.00","-11.00","--","73487.00","--","--","--","--","--","--","1.29"
"115/06/06","114","2","4113","聯上","543262.00","446541.00","--","--","96721.00","--","--","96721.00","72969.00","--","23752.00","-21484.00","2268.00","182.00","2086.00","--","--","2086.00","-2989.00","--","-903.00","--","--","--","--","--","--","0.01"
"115/06/06","114","2","4114","健喬","3060096.00","1697652.00","--","--","1362444.00","--","--","1362444.00","891637.00","0.00","470807.00","-14944.00","455863.00","97690.00","358173.00","--","--","358173.00","-31153.00","--","327020.00","425066.00","--","-66893.00","394234.00","--","-67214.00","0.87"
"115/06/06","114","2","4116","明基醫","2562946.00","1752793.00","--","--","810153.00","0.00","--","810153.00","649190.00","--","160963.00","-29721.00","131242.00","42486.00","88756.00","--","--","88756.00","-64562.00","--","24194.00","32034.00","--","56722.00","6306.00","--","17888.00","0.72"
"115/06/06","114","2","4120","友華","2282426.00","1157369.00","--","--","1125057.00","--","--","1125057.00","1190681.00","--","-65624.00","59562.00","-6062.00","164781.00","-170843.00","--","--","-170843.00","1365394.00","--","1194551.00","-199443.00","--","28600.00","1168289.00","--","26262.00","-2.30"
"115/06/06","114","2","4121","優盛","1907570.00","1245882.00","--","--","661688.00","--","--","661688.00","681899.00","--","-20211.00","-3461.00","-23672.00","1833.00","-25505.00","--","--","-25505.00","-22021.00","--","-47526.00","-15333.00","--","-10172.00","-37039.00","--","-10487.00","-0.18"
"115/06/06","114","2","4123","晟德","757570.00","447581.00","--","--","309989.00","--","--","309989.00","260443.00","--","49546.00","-266237.00","-216691.00","-39295.00","-177396.00","--","--","-177396.00","-116778.00","--","-294174.00","-177396.00","--","0.00","-294174.00","--","0.00","-0.25"
"115/06/06","114","2","4126","太醫","1170275.00","783384.00","--","--","386891.00","--","--","386891.00","133453.00","--","253438.00","-46991.00","206447.00","42023.00","164424.00","--","--","164424.00","--","--","164424.00","--","--","--","--","--","--","2.26"
"115/06/06","114","2","4127","天良","243925.00","105005.00","--","--","138920.00","--","--","138920.00","133225.00","--","5695.00","-39265.00","-33570.00","-2598.00","-30972.00","--","--","-30972.00","3482.00","--","-27490.00","-30972.00","--","--","-27490.00","--","--","-0.68"
"115/06/06","114","2","4128","中天","909620.00","557715.00","--","--","351905.00","--","--","351905.00","560012.00","478.00","-207629.00","-506539.00","-714168.00","0.00","-714168.00","--","--","-714168.00","-747686.00","--","-1461854.00","-632298.00","--","-81870.00","-1266240.00","--","-195614.00","-1.08"
"115/06/06","114","2","4129","聯合","2647905.00","574125.00","--","--","2073780.00","--","6192.00","2079972.00","1730632.00","0.00","349340.00","-22317.00","327023.00","84215.00","242808.00","--","--","242808.00","-78638.00","--","164170.00","237417.00","--","5391.00","158319.00","--","5851.00","2.46"
"115/06/06","114","2","4130","健亞","257478.00","161860.00","--","--","95618.00","--","--","95618.00","78572.00","--","17046.00","3886.00","20932.00","4047.00","16885.00","--","--","16885.00","-63541.00","--","-46656.00","16885.00","--","--","-46656.00","--","--","0.15"
"115/06/06","114","2","4131","浩泰","123283.00","78634.00","--","--","44649.00","--","--","44649.00","71371.00","--","-26722.00","26415.00","-307.00","240.00","-547.00","--","--","-547.00","--","--","-547.00","-270.00","--","-277.00","-270.00","--","-277.00","-0.01"
"115/06/06","114","2","4138","曜亞","678454.00","383858.00","--","--","294596.00","--","--","294596.00","196280.00","--","98316.00","14481.00","112797.00","22006.00","90791.00","--","--","90791.00","8262.00","--","99053.00","79099.00","--","11692.00","87141.00","--","11912.00","2.18"
"115/06/06","114","2","4139","馬光-KY","538083.00","466489.00","--","--","71594.00","--","--","71594.00","69498.00","--","2096.00","-4817.00","-2721.00","7330.00","-10051.00","--","--","-10051.00","-21146.00","--","-31197.00","-5659.00","--","-4392.00","-22342.00","--","-8855.00","-0.14"
"115/06/06","114","2","4147","中裕","313781.00","155065.00","--","--","158716.00","--","--","158716.00","238232.00","--","-79516.00","-5737.00","-85253.00","--","-85253.00","--","--","-85253.00","-27828.00","--","-113081.00","-85253.00","--","--","-113081.00","--","--","-0.31"
"115/06/06","114","2","4153","鈺緯","442131.00","301806.00","--","--","140325.00","793.00","--","139532.00","78267.00","--","61265.00","-2739.00","58526.00","7843.00","50683.00","--","--","50683.00","-4083.00","--","46600.00","50683.00","--","--","46600.00","--","--","0.86"
"115/06/06","114","2","4154","樂威科-KY","9766.00","31160.00","--","--","-21394.00","--","--","-21394.00","23111.00","--","-44505.00","-4457.00","-48962.00","19.00","-48981.00","--","--","-48981.00","-8810.00","--","-57791.00","-43215.00","--","-5766.00","-51249.00","--","-6542.00","-1.37"
"115/06/06","114","2","4157","太景*-KY","21582.00","10968.00","--","--","10614.00","--","--","10614.00","88205.00","--","-77591.00","-67828.00","-145419.00","127.00","-145546.00","--","--","-145546.00","45250.00","--","-100296.00","-145546.00","--","--","-100296.00","--","--","-0.20"
"115/06/06","114","2","4160","訊聯基因","288448.00","168794.00","--","--","119654.00","--","--","119654.00","111891.00","--","7763.00","4740.00","12503.00","2653.00","9850.00","--","--","9850.00","-39320.00","--","-29470.00","9814.00","--","36.00","-29506.00","--","36.00","0.37"
"115/06/06","114","2","4161","聿新科","386216.00","270674.00","--","--","115542.00","--","--","115542.00","83481.00","--","32061.00","-7747.00","24314.00","6124.00","18190.00","--","--","18190.00","156.00","--","18346.00","18792.00","--","-602.00","18948.00","--","-602.00","0.37"
"115/06/06","114","2","4162","智擎","384169.00","23207.00","--","--","360962.00","--","--","360962.00","174234.00","--","186728.00","-15296.00","171432.00","51344.00","120088.00","--","--","120088.00","--","--","120088.00","--","--","--","--","--","--","0.84"
"115/06/06","114","2","4163","鐿鈦","1221184.00","683691.00","--","--","537493.00","--","--","537493.00","377075.00","--","160418.00","-58411.00","102007.00","15560.00","86447.00","--","--","86447.00","-32020.00","--","54427.00","95683.00","--","-9236.00","63663.00","--","-9236.00","1.97"
"115/06/06","114","2","4166","友霖","642448.00","293653.00","--","--","348795.00","--","--","348795.00","242880.00","--","105915.00","-18959.00","86956.00","17611.00","69345.00","--","--","69345.00","-48.00","--","69297.00","69345.00","--","--","69297.00","--","--","0.31"
"115/06/06","114","2","4167","松瑞藥","599344.00","373826.00","--","--","225518.00","--","--","225518.00","116775.00","--","108743.00","258689.00","367432.00","--","367432.00","--","--","367432.00","--","--","367432.00","369145.00","--","-1713.00","369145.00","--","-1713.00","1.17"
"115/06/06","114","2","4168","醣聯","29604.00","9470.00","--","--","20134.00","--","--","20134.00","109077.00","--","-88943.00","-5624.00","-94567.00","1094.00","-95661.00","--","--","-95661.00","-3283.00","--","-98944.00","-95661.00","--","--","-98944.00","--","--","-0.88"
"115/06/06","114","2","4171","瑞基","106965.00","33578.00","--","--","73387.00","--","--","73387.00","122412.00","--","-49025.00","-28926.00","-77951.00","0.00","-77951.00","--","--","-77951.00","-5477.00","--","-83428.00","-76444.00","--","-1507.00","-80905.00","--","-2523.00","-1.33"
"115/06/06","114","2","4173","久裕","772514.00","605060.00","--","--","167454.00","--","--","167454.00","94821.00","--","72633.00","1489.00","74122.00","15908.00","58214.00","--","--","58214.00","35826.00","--","94040.00","58214.00","--","--","94040.00","--","--","0.78"
"115/06/06","114","2","4174","浩鼎","27216.00","66625.00","--","--","-39409.00","--","--","-39409.00","1155602.00","--","-1195011.00","-53104.00","-1248115.00","5740.00","-1253855.00","--","--","-1253855.00","-14608.00","--","-1268463.00","-1165043.00","--","-88812.00","-1179651.00","--","-88812.00","-4.43"
"115/06/06","114","2","4175","杏一","3911219.00","2628780.00","--","--","1282439.00","--","--","1282439.00","1174800.00","--","107639.00","-20819.00","86820.00","14414.00","72406.00","--","--","72406.00","-18734.00","--","53672.00","72302.00","--","104.00","53721.00","--","-49.00","1.71"
"115/06/06","114","2","4183","福永生技","249929.00","202258.00","--","--","47671.00","--","--","47671.00","50160.00","--","-2489.00","-14166.00","-16655.00","-4878.00","-11777.00","--","--","-11777.00","--","--","-11777.00","--","--","--","--","--","--","-0.49"
"115/06/06","114","2","4188","安克","14939.00","9663.00","--","--","5276.00","--","--","5276.00","47349.00","--","-42073.00","2609.00","-39464.00","-15.00","-39449.00","--","--","-39449.00","-5152.00","--","-44601.00","-31690.00","--","-7759.00","-36842.00","--","-7759.00","-0.50"
"115/06/06","114","2","4192","杏國","13202.00","5259.00","--","--","7943.00","--","--","7943.00","33493.00","--","-25550.00","205.00","-25345.00","0.00","-25345.00","--","--","-25345.00","-3363.00","--","-28708.00","-25345.00","--","0.00","-28708.00","--","0.00","-0.72"
"115/06/06","114","2","4198","欣大健康","104631.00","69760.00","--","--","34871.00","--","--","34871.00","55826.00","--","-20955.00","-5135.00","-26090.00","68.00","-26158.00","--","--","-26158.00","5688.00","--","-20470.00","-25665.00","--","-493.00","-19977.00","--","-493.00","-1.06"
"115/06/06","114","2","4205","中華食","984554.00","591717.00","--","--","392837.00","--","--","392837.00","156062.00","--","236775.00","6957.00","243732.00","46551.00","197181.00","--","--","197181.00","-26.00","--","197155.00","--","--","--","--","--","--","2.02"
"115/06/06","114","2","4207","環泰","2669794.00","2190931.00","--","--","478863.00","--","--","478863.00","164851.00","--","314012.00","3625.00","317637.00","82474.00","235163.00","--","--","235163.00","-188623.00","--","46540.00","163258.00","--","71905.00","27274.00","--","19266.00","0.82"
"115/06/06","114","2","4303","信立","503029.00","418550.00","--","--","84479.00","--","--","84479.00","96325.00","--","-11846.00","185818.00","173972.00","26254.00","147718.00","--","--","147718.00","-335.00","--","147383.00","151248.00","--","-3530.00","150913.00","--","-3530.00","1.60"
"115/06/06","114","2","4304","勝昱","168293.00","162776.00","--","--","5517.00","--","--","5517.00","33489.00","--","-27972.00","-3812.00","-31784.00","0.00","-31784.00","--","--","-31784.00","606.00","--","-31178.00","-31784.00","--","--","-31178.00","--","--","-0.88"
"115/06/06","114","2","4305","世坤","548849.00","379249.00","--","--","169600.00","--","--","169600.00","37575.00","--","132025.00","-48768.00","83257.00","17565.00","65692.00","--","--","65692.00","--","--","65692.00","--","--","--","--","--","--","1.19"
"115/06/06","114","2","4401","東隆興","1910146.00","1754824.00","--","--","155322.00","--","--","155322.00","101246.00","--","54076.00","8116.00","62192.00","21071.00","41121.00","--","--","41121.00","-32405.00","--","8716.00","24579.00","--","16542.00","-389.00","--","9105.00","0.20"
"115/06/06","114","2","4402","郡都開發","13068.00","10796.00","--","--","2272.00","--","--","2272.00","11028.00","--","-8756.00","3664.00","-5092.00","-152.00","-4940.00","--","--","-4940.00","--","--","-4940.00","-4940.00","--","0.00","-4940.00","--","0.00","-0.07"
"115/06/06","114","2","4406","新昕纖","268619.00","274861.00","--","--","-6242.00","--","--","-6242.00","14441.00","--","-20683.00","-16934.00","-37617.00","0.00","-37617.00","--","--","-37617.00","1287.00","--","-36330.00","--","--","--","--","--","--","-0.72"
"115/06/06","114","2","4413","飛寶企業","312509.00","278432.00","--","--","34077.00","--","--","34077.00","56261.00","--","-22184.00","1962.00","-20222.00","0.00","-20222.00","--","--","-20222.00","-215.00","--","-20437.00","-20222.00","--","--","-20437.00","--","--","-0.65"
"115/06/06","114","2","4416","三圓","447449.00","273979.00","--","--","173470.00","--","--","173470.00","37072.00","--","136398.00","-133061.00","3337.00","2051.00","1286.00","--","--","1286.00","25288.00","--","26574.00","1286.00","--","--","26574.00","--","--","0.02"
"115/06/06","114","2","4417","金洲","1666907.00","1174003.00","--","--","492904.00","--","--","492904.00","183729.00","--","309175.00","108564.00","417739.00","125438.00","292301.00","--","--","292301.00","-352716.00","--","-60415.00","273771.00","--","18530.00","-22071.00","--","-38344.00","3.26"
"115/06/06","114","2","4419","皇家美食","1356643.00","968379.00","--","--","388264.00","--","--","388264.00","457104.00","--","-68840.00","-14618.00","-83458.00","5527.00","-88985.00","--","--","-88985.00","-530.00","--","-89515.00","-101159.00","--","12174.00","-101397.00","--","11882.00","-0.60"
"115/06/06","114","2","4420","光明","521067.00","505447.00","--","--","15620.00","--","--","15620.00","28348.00","272225.00","259497.00","931.00","260428.00","53099.00","207329.00","--","--","207329.00","160.00","--","207489.00","--","--","--","--","--","--","5.12"
"115/06/06","114","2","4430","耀億","1071862.00","828624.00","--","--","243238.00","--","--","243238.00","210430.00","--","32808.00","-64384.00","-31576.00","-5997.00","-25579.00","--","--","-25579.00","-135554.00","--","-161133.00","-25579.00","--","--","-161133.00","--","--","-0.45"
"115/06/06","114","2","4432","銘旺實","534721.00","414420.00","--","--","120301.00","--","--","120301.00","103842.00","--","16459.00","-56066.00","-39607.00","6970.00","-46577.00","--","--","-46577.00","-46102.00","--","-92679.00","-46577.00","--","--","-92679.00","--","--","-0.92"
"115/06/06","114","2","4433","興采","1465098.00","1185058.00","--","--","280040.00","--","--","280040.00","285350.00","--","-5310.00","-89568.00","-94878.00","-3679.00","-91199.00","--","--","-91199.00","-33910.00","--","-125109.00","-87960.00","--","-3239.00","-102004.00","--","-23105.00","-1.46"
"115/06/06","114","2","4442","竣邦-KY","861424.00","623307.00","--","--","238117.00","--","--","238117.00","138507.00","--","99610.00","-840.00","98770.00","15244.00","83526.00","--","--","83526.00","-47093.00","--","36433.00","83526.00","--","--","36433.00","--","--","3.00"
"115/06/06","114","2","4502","健信","454631.00","380396.00","--","--","74235.00","--","--","74235.00","86026.00","--","-11791.00","-24591.00","-36382.00","0.00","-36382.00","--","--","-36382.00","-30361.00","--","-66743.00","-35481.00","--","-901.00","-65545.00","--","-1198.00","-0.62"
"115/06/06","114","2","4503","金雨","300643.00","236844.00","--","--","63799.00","--","--","63799.00","37554.00","--","26245.00","-31704.00","-5459.00","-304.00","-5155.00","--","--","-5155.00","-13476.00","--","-18631.00","-5121.00","--","-34.00","-18597.00","--","-34.00","-0.07"
"115/06/06","114","2","4506","崇友","3090202.00","2077310.00","--","--","1012892.00","--","--","1012892.00","331027.00","--","681865.00","31745.00","713610.00","140693.00","572917.00","--","--","572917.00","-27241.00","--","545676.00","572937.00","--","-20.00","545692.00","--","-16.00","3.24"
"115/06/06","114","2","4510","高鋒","720531.00","590419.00","--","--","130112.00","--","--","130112.00","179227.00","--","-49115.00","-52000.00","-101115.00","-13666.00","-87449.00","--","--","-87449.00","-98724.00","--","-186173.00","-77058.00","--","-10391.00","-175481.00","--","-10692.00","-0.71"
"115/06/06","114","2","4513","福裕","484412.00","386957.00","--","--","97455.00","--","--","97455.00","167233.00","--","-69778.00","-48138.00","-117916.00","952.00","-118868.00","--","--","-118868.00","-42156.00","--","-161024.00","-118868.00","--","--","-161024.00","--","--","-1.04"
"115/06/06","114","2","4523","永彰","335844.00","434664.00","--","--","-98820.00","--","--","-98820.00","197221.00","--","-296041.00","-195994.00","-492035.00","-1253.00","-490782.00","--","--","-490782.00","-16846.00","--","-507628.00","-371339.00","--","-119443.00","-388185.00","--","-119443.00","-5.80"
"115/06/06","114","2","4527","方方土霖","1289519.00","981747.00","--","--","307772.00","--","--","307772.00","265029.00","--","42743.00","22836.00","65579.00","20960.00","44619.00","--","--","44619.00","-70531.00","--","-25912.00","55872.00","--","-11253.00","-6024.00","--","-19888.00","0.73"
"115/06/06","114","2","4528","江興鍛","768514.00","650472.00","--","--","118042.00","--","--","118042.00","115764.00","--","2278.00","-12549.00","-10271.00","10352.00","-20623.00","--","--","-20623.00","-170752.00","--","-191375.00","-20623.00","--","0.00","-191375.00","--","0.00","-0.25"
"115/06/06","114","2","4529","淳紳","2703.00","935.00","--","--","1768.00","--","--","1768.00","36230.00","--","-34462.00","1185.00","-33277.00","--","-33277.00","--","--","-33277.00","-56131.00","--","-89408.00","-33085.00","--","-192.00","-89215.00","--","-193.00","-0.39"
"115/06/06","114","2","4530","宏易","119660.00","78813.00","--","--","40847.00","--","--","40847.00","27917.00","--","12930.00","1070.00","14000.00","4152.00","9848.00","-16102.00","--","-6254.00","-423.00","--","-6677.00","-12202.00","--","5948.00","-12625.00","--","5948.00","-0.18"
"115/06/06","114","2","4533","協易機","2028629.00","1452154.00","0.00","--","576475.00","--","--","576475.00","494342.00","0.00","82133.00","-143324.00","-61191.00","-18120.00","-43071.00","--","--","-43071.00","-93336.00","--","-136407.00","-43071.00","--","--","-136407.00","--","--","-0.27"
"115/06/06","114","2","4534","慶騰","374978.00","332762.00","--","--","42216.00","--","--","42216.00","76331.00","--","-34115.00","-12473.00","-46588.00","29.00","-46617.00","--","--","-46617.00","-33065.00","--","-79682.00","-46617.00","--","--","-79682.00","--","--","-0.54"
"115/06/06","114","2","4535","至興","1297995.00","1036311.00","--","--","261684.00","--","--","261684.00","108613.00","--","153071.00","-25758.00","127313.00","39819.00","87494.00","--","--","87494.00","-135668.00","--","-48174.00","34623.00","--","52871.00","-53457.00","--","5283.00","0.46"
"115/06/06","114","2","4538","大詠城","175958.00","142212.00","--","--","33746.00","--","--","33746.00","20968.00","--","12778.00","-2690.00","10088.00","3289.00","6799.00","--","--","6799.00","--","--","6799.00","--","--","--","--","--","--","0.12"
"115/06/06","114","2","4541","晟田","750673.00","585142.00","--","--","165531.00","--","--","165531.00","76920.00","--","88611.00","-87208.00","1403.00","-1925.00","3328.00","--","--","3328.00","--","--","3328.00","--","--","--","--","--","--","0.05"
"115/06/06","114","2","4542","科嶠","417873.00","275247.00","--","--","142626.00","--","--","142626.00","92351.00","--","50275.00","-21688.00","28587.00","12991.00","15596.00","--","--","15596.00","-58355.00","--","-42759.00","15358.00","--","238.00","-42405.00","--","-354.00","0.48"
"115/06/06","114","2","4543","萬在","399599.00","309758.00","--","--","89841.00","--","--","89841.00","58884.00","--","30957.00","-70632.00","-39675.00","0.00","-39675.00","--","--","-39675.00","-1420.00","--","-41095.00","-39675.00","--","--","-41095.00","--","0.00","-0.66"
"115/06/06","114","2","4549","桓達","630111.00","292998.00","--","--","337113.00","--","--","337113.00","236954.00","--","100159.00","-557.00","99602.00","12716.00","86886.00","--","--","86886.00","-50422.00","--","36464.00","86887.00","--","-1.00","36477.00","--","-13.00","1.55"
"115/06/06","114","2","4550","長佳","392645.00","335638.00","--","--","57007.00","--","--","57007.00","45491.00","--","11516.00","3354.00","14870.00","3686.00","11184.00","--","--","11184.00","-4867.00","--","6317.00","11184.00","--","--","6317.00","--","--","0.30"
"115/06/06","114","2","4554","橙的","234251.00","122556.00","--","--","111695.00","--","--","111695.00","81422.00","--","30273.00","-23751.00","6522.00","529.00","5993.00","--","--","5993.00","5099.00","--","11092.00","5993.00","--","0.00","11092.00","--","0.00","0.26"
"115/06/06","114","2","4556","旭然","317139.00","201724.00","--","--","115415.00","--","--","115415.00","95371.00","--","20044.00","-5600.00","14444.00","5147.00","9297.00","--","--","9297.00","-87210.00","--","-77913.00","9297.00","--","0.00","-77913.00","--","0.00","0.22"
"115/06/06","114","2","4558","寶緯","777846.00","779307.00","--","--","-1461.00","--","--","-1461.00","42844.00","--","-44305.00","-4425.00","-48730.00","-9734.00","-38996.00","--","--","-38996.00","--","--","-38996.00","--","--","--","--","--","--","-0.78"
"115/06/06","114","2","4561","健椿","477634.00","371619.00","--","--","106015.00","--","--","106015.00","79347.00","--","26668.00","-20684.00","5984.00","3670.00","2314.00","--","--","2314.00","--","--","2314.00","--","--","--","--","--","--","0.04"
"115/06/06","114","2","4563","百德","1551198.00","1037464.00","--","--","513734.00","2949.00","--","510785.00","364785.00","--","146000.00","-102023.00","43977.00","31259.00","12718.00","--","--","12718.00","-88754.00","--","-76036.00","12718.00","--","--","-76036.00","--","--","0.23"
"115/06/06","114","2","4568","科際精密","594751.00","409281.00","--","--","185470.00","--","--","185470.00","147192.00","--","38278.00","-9585.00","28693.00","6796.00","21897.00","--","--","21897.00","-60483.00","--","-38586.00","21897.00","--","--","-38586.00","--","--","0.69"
"115/06/06","114","2","4577","達航科技","291906.00","250205.00","--","--","41701.00","--","--","41701.00","75647.00","--","-33946.00","-9538.00","-43484.00","-4998.00","-38486.00","--","--","-38486.00","-22390.00","--","-60876.00","-38486.00","--","--","-60876.00","--","--","-0.78"
"115/06/06","114","2","4580","捷流閥業","1136957.00","798833.00","--","--","338124.00","--","--","338124.00","189926.00","--","148198.00","-9151.00","139047.00","40895.00","98152.00","--","--","98152.00","-66068.00","--","32084.00","98152.00","--","--","32084.00","--","--","2.16"
"115/06/06","114","2","4584","君帆","688443.00","454168.00","--","--","234275.00","--","--","234275.00","138003.00","--","96272.00","-7806.00","88466.00","28912.00","59554.00","--","--","59554.00","-55615.00","--","3939.00","59554.00","--","--","3939.00","--","--","1.99"
"115/06/06","114","2","4609","唐鋒","67068.00","52353.00","--","--","14715.00","--","--","14715.00","48079.00","--","-33364.00","11399.00","-21965.00","0.00","-21965.00","--","--","-21965.00","-6656.00","--","-28621.00","-21965.00","--","--","-28621.00","--","--","-0.46"
"115/06/06","114","2","4702","中美實","37205.00","20797.00","--","--","16408.00","--","--","16408.00","30519.00","--","-14111.00","-29363.00","-43474.00","-1692.00","-41782.00","--","--","-41782.00","-33374.00","--","-75156.00","-41782.00","--","--","-75156.00","--","--","-0.58"
"115/06/06","114","2","4706","大恭","515502.00","442829.00","--","--","72673.00","--","--","72673.00","68462.00","--","4211.00","-22801.00","-18590.00","-1872.00","-16718.00","--","--","-16718.00","-27917.00","--","-44635.00","-16695.00","--","-23.00","-44612.00","--","-23.00","-0.21"
"115/06/06","114","2","4707","磐亞","670099.00","697547.00","--","--","-27448.00","--","--","-27448.00","45898.00","--","-73346.00","183178.00","109832.00","-8918.00","118750.00","--","--","118750.00","-330679.00","--","-211929.00","--","--","--","--","--","--","0.29"
"115/06/06","114","2","4711","永純","351537.00","314853.00","--","--","36684.00","--","--","36684.00","39436.00","--","-2752.00","2224.00","-528.00","-881.00","353.00","--","--","353.00","--","--","353.00","353.00","--","--","353.00","--","--","0.01"
"115/06/06","114","2","4714","永捷","672459.00","537716.00","--","--","134743.00","--","--","134743.00","212255.00","--","-77512.00","160182.00","82670.00","25116.00","57554.00","--","--","57554.00","-28312.00","--","29242.00","-31970.00","--","89524.00","-59988.00","--","89230.00","-0.18"
"115/06/06","114","2","4716","大立","277992.00","251506.00","--","--","26486.00","--","--","26486.00","69585.00","--","-43099.00","-86585.00","-129684.00","-7829.00","-121855.00","--","--","-121855.00","-3439.00","--","-125294.00","-120352.00","--","-1503.00","-123751.00","--","-1543.00","-1.36"
"115/06/06","114","2","4721","美琪瑪","1464424.00","1239639.00","--","--","224785.00","0.00","0.00","224785.00","80777.00","--","144008.00","-736.00","143272.00","26992.00","116280.00","--","--","116280.00","-72601.00","--","43679.00","116280.00","--","--","43679.00","--","--","1.55"
"115/06/06","114","2","4726","永昕","324275.00","445436.00","--","--","-121161.00","--","--","-121161.00","105240.00","--","-226401.00","-44053.00","-270454.00","-4155.00","-266299.00","--","--","-266299.00","-500.00","--","-266799.00","-266299.00","--","--","-266799.00","--","--","-1.29"
"115/06/06","114","2","4728","雙美","1014298.00","209425.00","--","--","804873.00","--","--","804873.00","278423.00","--","526450.00","6935.00","533385.00","155155.00","378230.00","--","--","378230.00","-14862.00","--","363368.00","378230.00","--","--","363368.00","--","--","6.94"
"115/06/06","114","2","4729","熒茂","550521.00","435576.00","--","--","114945.00","--","--","114945.00","111217.00","--","3728.00","11461.00","15189.00","6168.00","9021.00","--","--","9021.00","-168973.00","--","-159952.00","4403.00","--","4618.00","-137753.00","--","-22199.00","0.06"
"115/06/06","114","2","4735","豪展","452064.00","311421.00","--","--","140643.00","--","--","140643.00","110372.00","--","30271.00","-1022.00","29249.00","-797.00","30046.00","--","--","30046.00","-52164.00","--","-22118.00","30046.00","--","--","-22118.00","--","--","0.80"
"115/06/06","114","2","4741","泓瀚","239995.00","171089.00","--","--","68906.00","--","--","68906.00","68965.00","--","-59.00","-9542.00","-9601.00","-5698.00","-3903.00","--","--","-3903.00","-2005.00","--","-5908.00","-3201.00","--","-702.00","-4213.00","--","-1695.00","-0.10"
"115/06/06","114","2","4743","合一","51868.00","41134.00","--","--","10734.00","0.00","--","10734.00","423580.00","--","-412846.00","-614178.00","-1027024.00","390.00","-1027414.00","--","--","-1027414.00","-866795.00","--","-1894209.00","-1006525.00","--","-20889.00","-1857621.00","--","-36588.00","-2.10"
"115/06/06","114","2","4744","皇將","649741.00","356400.00","--","--","293341.00","--","--","293341.00","229355.00","--","63986.00","-12060.00","51926.00","18127.00","33799.00","--","--","33799.00","-40822.00","--","-7023.00","33799.00","--","0.00","-7023.00","--","0.00","0.63"
"115/06/06","114","2","4745","合富-KY","1612821.00","1367726.00","--","--","245095.00","--","--","245095.00","326049.00","--","-80954.00","-6461.00","-87415.00","-10971.00","-76444.00","--","--","-76444.00","-519071.00","--","-595515.00","-54005.00","--","-22439.00","-340725.00","--","-254790.00","-0.69"
"115/06/06","114","2","4747","強生製藥","284982.00","170869.00","--","--","114113.00","--","--","114113.00","68987.00","--","45126.00","5720.00","50846.00","9969.00","40877.00","--","--","40877.00","640.00","--","41517.00","40877.00","--","--","41517.00","--","--","0.91"
"115/06/06","114","2","4749","新應材","2112014.00","1204355.00","--","--","907659.00","--","--","907659.00","358839.00","64.00","548884.00","48178.00","597062.00","105159.00","491903.00","--","--","491903.00","-33225.00","--","458678.00","492360.00","--","-457.00","459135.00","--","-457.00","5.36"
"115/06/06","114","2","4754","國碳科","350512.00","182739.00","--","--","167773.00","--","--","167773.00","89547.00","--","78226.00","-6991.00","71235.00","15259.00","55976.00","--","--","55976.00","-5725.00","--","50251.00","55976.00","--","--","50251.00","--","--","1.85"
"115/06/06","114","2","4760","勤凱科技","845203.00","667931.00","--","--","177272.00","--","--","177272.00","52168.00","--","125104.00","-29524.00","95580.00","19964.00","75616.00","--","--","75616.00","-17232.00","--","58384.00","--","--","--","--","--","--","2.51"
"115/06/06","114","2","4767","誠泰科技","516939.00","401943.00","--","--","114996.00","--","--","114996.00","97227.00","--","17769.00","-1496.00","16273.00","5588.00","10685.00","--","--","10685.00","-52626.00","--","-41941.00","10765.00","--","-80.00","-41945.00","--","4.00","0.34"
"115/06/06","114","2","4768","晶呈科技","340615.00","207941.00","--","--","132674.00","--","--","132674.00","119246.00","--","13428.00","-14430.00","-1002.00","-207.00","-795.00","--","--","-795.00","-8508.00","--","-9303.00","370.00","--","-1165.00","-8138.00","--","-1165.00","0.01"
"115/06/06","114","2","4772","台特化","482369.00","201315.00","--","--","281054.00","--","--","281054.00","41721.00","--","239333.00","10263.00","249596.00","30181.00","219415.00","--","--","219415.00","--","--","219415.00","--","--","--","--","--","--","1.49"
"115/06/06","114","2","4804","大略-KY","60620.00","56022.00","--","--","4598.00","--","--","4598.00","17538.00","--","-12940.00","7145.00","-5795.00","5.00","-5800.00","--","--","-5800.00","-4447.00","--","-10247.00","-5800.00","--","0.00","-10247.00","--","0.00","-0.12"
"115/06/06","114","2","4806","桂田文創","36814.00","27207.00","--","--","9607.00","--","--","9607.00","45685.00","--","-36078.00","3640.00","-32438.00","--","-32438.00","--","--","-32438.00","--","--","-32438.00","-32438.00","--","0.00","-32438.00","--","0.00","-0.16"
"115/06/06","114","2","4903","聯光通","588340.00","537480.00","--","--","50860.00","--","--","50860.00","50050.00","--","810.00","-214.00","596.00","162.00","434.00","--","--","434.00","1610.00","--","2044.00","434.00","--","0.00","2044.00","--","0.00","0.00"
"115/06/06","114","2","4905","台聯電","334839.00","245593.00","--","--","89246.00","--","--","89246.00","79779.00","--","9467.00","-41060.00","-31593.00","11741.00","-43334.00","--","--","-43334.00","-50139.00","--","-93473.00","-44999.00","--","1665.00","-91925.00","--","-1548.00","-1.54"
"115/06/06","114","2","4907","富宇","837596.00","647033.00","--","--","190563.00","--","--","190563.00","85787.00","--","104776.00","2954.00","107730.00","44281.00","63449.00","--","--","63449.00","--","--","63449.00","--","--","--","--","--","--","0.54"
"115/06/06","114","2","4908","前鼎","418105.00","207780.00","--","--","210325.00","--","--","210325.00","105425.00","--","104900.00","-17660.00","87240.00","17448.00","69792.00","--","--","69792.00","-1585.00","--","68207.00","--","--","--","--","--","--","0.89"
"115/06/06","114","2","4909","新復興","170217.00","188060.00","--","--","-17843.00","--","--","-17843.00","62547.00","--","-80390.00","-118623.00","-199013.00","-5037.00","-193976.00","0.00","--","-193976.00","-20862.00","--","-214838.00","-193976.00","--","0.00","-214838.00","--","0.00","-2.08"
"115/06/06","114","2","4911","德英","160182.00","23596.00","--","--","136586.00","--","--","136586.00","53968.00","--","82618.00","3711.00","86329.00","10611.00","75718.00","--","--","75718.00","--","--","75718.00","--","--","--","--","--","--","1.19"
"115/06/06","114","2","4923","力士","408309.00","317488.00","--","--","90821.00","--","--","90821.00","210459.00","--","-119638.00","-12899.00","-132537.00","-3823.00","-128714.00","--","--","-128714.00","-50.00","--","-128764.00","-128714.00","--","--","-128764.00","--","--","-3.93"
"115/06/06","114","2","4924","欣厚-KY","344939.00","270840.00","--","--","74099.00","--","--","74099.00","79435.00","--","-5336.00","4266.00","-1070.00","5899.00","-6969.00","--","--","-6969.00","-29522.00","--","-36491.00","-6969.00","--","--","-36491.00","--","--","-0.19"
"115/06/06","114","2","4931","新盛力","1120172.00","898075.00","--","--","222097.00","--","--","222097.00","127499.00","--","94598.00","-28970.00","65628.00","11062.00","54566.00","--","--","54566.00","-29353.00","--","25213.00","54566.00","--","--","25213.00","--","--","0.84"
"115/06/06","114","2","4933","友輝","1525505.00","1005087.00","--","--","520418.00","--","--","520418.00","211829.00","--","308589.00","-160744.00","147845.00","30782.00","117063.00","--","--","117063.00","9478.00","--","126541.00","117063.00","--","--","126541.00","--","--","1.43"
"115/06/06","114","2","4939","亞電","687856.00","545096.00","--","--","142760.00","--","--","142760.00","188865.00","--","-46105.00","-47424.00","-93529.00","-18705.00","-74824.00","--","--","-74824.00","-214986.00","--","-289810.00","-74824.00","--","--","-289810.00","--","--","-0.76"
"115/06/06","114","2","4946","辣椒","205502.00","121578.00","--","--","83924.00","--","--","83924.00","58378.00","--","25546.00","-222.00","25324.00","0.00","25324.00","--","--","25324.00","-239.00","--","25085.00","26835.00","--","-1511.00","26596.00","--","-1511.00","3.44"
"115/06/06","114","2","4950","金耘國際","528967.00","444368.00","--","--","84599.00","--","--","84599.00","70774.00","--","13825.00","-20658.00","-6833.00","5092.00","-11925.00","--","--","-11925.00","-70533.00","--","-82458.00","-28967.00","--","17042.00","-66707.00","--","-15751.00","-0.20"
"115/06/06","114","2","4951","精拓科","262641.00","58797.00","--","--","203844.00","--","--","203844.00","109334.00","--","94510.00","650.00","95160.00","6253.00","88907.00","--","--","88907.00","-19.00","--","88888.00","88908.00","--","-1.00","88889.00","--","-1.00","2.60"
"115/06/06","114","2","4953","緯致","5364333.00","4507123.00","--","--","857210.00","--","--","857210.00","581638.00","--","275572.00","6625.00","282197.00","39982.00","242215.00","--","--","242215.00","-239310.00","--","2905.00","242215.00","--","--","2905.00","--","--","3.31"
"115/06/06","114","2","4966","譜瑞-KY","8266033.00","4725589.00","--","--","3540444.00","--","--","3540444.00","2174546.00","--","1365898.00","139366.00","1505264.00","138847.00","1366417.00","--","--","1366417.00","-2358796.00","--","-992379.00","1366417.00","--","--","-992379.00","--","--","17.32"
"115/06/06","114","2","4971","IET-KY","509074.00","333064.00","--","--","176010.00","--","--","176010.00","109772.00","--","66238.00","-105789.00","-39551.00","-13320.00","-26231.00","--","--","-26231.00","-211557.00","--","-237788.00","-26251.00","--","20.00","-237808.00","--","20.00","-0.67"
"115/06/06","114","2","4972","湯石照明","473749.00","350971.00","--","--","122778.00","--","--","122778.00","185138.00","--","-62360.00","4956.00","-57404.00","-2928.00","-54476.00","--","--","-54476.00","-118298.00","--","-172774.00","-54476.00","--","--","-172774.00","--","--","-0.96"
"115/06/06","114","2","4973","廣穎電通","2133119.00","1667957.00","--","--","465162.00","--","--","465162.00","468522.00","--","-3360.00","-39522.00","-42882.00","55.00","-42937.00","--","--","-42937.00","-74322.00","--","-117259.00","-42937.00","--","--","-117259.00","--","--","-0.67"
"115/06/06","114","2","4974","亞泰","2056315.00","1704264.00","--","--","352051.00","--","--","352051.00","92334.00","--","259717.00","-10547.00","249170.00","48068.00","201102.00","--","--","201102.00","-297628.00","--","-96526.00","201102.00","--","--","-96526.00","--","--","2.77"
"115/06/06","114","2","4979","華星光","2154392.00","1726396.00","--","--","427996.00","--","--","427996.00","80531.00","--","347465.00","-39404.00","308061.00","0.00","308061.00","--","--","308061.00","-40047.00","--","268014.00","308061.00","--","--","268014.00","--","--","2.19"
"115/06/06","114","2","4991","環宇-KY","963153.00","552333.00","--","--","410820.00","--","--","410820.00","256740.00","--","154080.00","-227184.00","-73104.00","-8386.00","-64718.00","--","--","-64718.00","-302224.00","--","-366942.00","-64718.00","--","--","-366942.00","--","--","-0.57"
"115/06/06","114","2","4995","晶達","637154.00","442501.00","--","--","194653.00","--","--","194653.00","139648.00","--","55005.00","-28115.00","26890.00","4172.00","22718.00","--","--","22718.00","-7170.00","--","15548.00","22718.00","--","--","15548.00","--","--","0.54"
"115/06/06","114","2","5009","榮剛","6095655.00","4738109.00","--","--","1357546.00","--","--","1357546.00","683650.00","--","673896.00","-5289.00","668607.00","83931.00","584676.00","--","--","584676.00","-388905.00","--","195771.00","591990.00","--","-7314.00","201237.00","--","-5466.00","1.00"
"115/06/06","114","2","5011","久陽","2730018.00","2809795.00","--","--","-79777.00","--","--","-79777.00","84808.00","6167.00","-158418.00","-1606.00","-160024.00","-12976.00","-147048.00","--","--","-147048.00","-51187.00","--","-198235.00","-77244.00","--","-69804.00","-128431.00","--","-69804.00","-0.77"
"115/06/06","114","2","5013","強新","3854760.00","3393384.00","--","--","461376.00","--","--","461376.00","213603.00","--","247773.00","-37552.00","210221.00","56239.00","153982.00","--","--","153982.00","-322417.00","--","-168435.00","83633.00","--","70349.00","-127116.00","--","-41319.00","0.63"
"115/06/06","114","2","5014","建錩","7096314.00","6879932.00","--","--","216382.00","--","--","216382.00","235980.00","--","-19598.00","-294716.00","-314314.00","15608.00","-329922.00","--","--","-329922.00","-358804.00","--","-688726.00","-329220.00","--","-702.00","-687721.00","--","-1005.00","-1.78"
"115/06/06","114","2","5015","華祺","813009.00","666643.00","--","--","146366.00","--","--","146366.00","102462.00","--","43904.00","-89773.00","-45869.00","7417.00","-53286.00","--","--","-53286.00","-62609.00","--","-115895.00","-53286.00","--","0.00","-115895.00","--","0.00","-0.88"
"115/06/06","114","2","5016","松和","1042611.00","944983.00","--","--","97628.00","--","--","97628.00","54170.00","--","43458.00","-1220.00","42238.00","9029.00","33209.00","--","--","33209.00","-28658.00","--","4551.00","32626.00","--","583.00","5453.00","--","-902.00","0.66"
"115/06/06","114","2","5201","凱衛","149118.00","80614.00","--","--","68504.00","--","--","68504.00","61083.00","--","7421.00","-25928.00","-18507.00","2046.00","-20553.00","--","--","-20553.00","-229.00","--","-20782.00","-20294.00","--","-259.00","-20523.00","--","-259.00","-0.66"
"115/06/06","114","2","5202","力新","81207.00","15452.00","--","--","65755.00","--","--","65755.00","82463.00","--","-16708.00","-40789.00","-57497.00","3766.00","-61263.00","--","--","-61263.00","-10885.00","--","-72148.00","-61263.00","--","--","-72148.00","--","--","-0.69"
"115/06/06","114","2","5205","中茂","10098.00","11179.00","--","--","-1081.00","--","--","-1081.00","9829.00","--","-10910.00","1295.00","-9615.00","0.00","-9615.00","--","--","-9615.00","--","--","-9615.00","-8800.00","--","-815.00","-8800.00","--","-815.00","-0.65"
"115/06/06","114","2","5206","坤悅","3675046.00","2507823.00","--","--","1167223.00","--","--","1167223.00","334869.00","--","832354.00","10264.00","842618.00","171787.00","670831.00","--","--","670831.00","--","--","670831.00","670831.00","--","--","670831.00","--","--","4.30"
"115/06/06","114","2","5209","新鼎","2418279.00","2095516.00","--","--","322763.00","--","--","322763.00","80089.00","--","242674.00","-3616.00","239058.00","51180.00","187878.00","--","--","187878.00","-8847.00","--","179031.00","187878.00","--","0.00","179031.00","--","0.00","6.61"
"115/06/06","114","2","5210","寶碩","127306.00","35833.00","--","--","91473.00","--","--","91473.00","80383.00","--","11090.00","257.00","11347.00","-2.00","11349.00","--","--","11349.00","-1668.00","--","9681.00","11349.00","--","0.00","9681.00","--","0.00","0.14"
"115/06/06","114","2","5211","蒙恬","95462.00","45096.00","--","--","50366.00","--","--","50366.00","63501.00","--","-13135.00","-4277.00","-17412.00","72.00","-17484.00","0.00","--","-17484.00","-12529.00","--","-30013.00","-18889.00","0.00","1405.00","-30873.00","0.00","860.00","-0.59"
"115/06/06","114","2","5212","凌網","463241.00","236376.00","--","--","226865.00","--","--","226865.00","184375.00","--","42490.00","-33538.00","8952.00","8024.00","928.00","--","--","928.00","-8362.00","--","-7434.00","1309.00","--","-381.00","-6733.00","--","-701.00","0.04"
"115/06/06","114","2","5213","亞昕","10622575.00","7722597.00","--","--","2899978.00","--","--","2899978.00","925121.00","--","1974857.00","-423326.00","1551531.00","376972.00","1174559.00","--","--","1174559.00","-222475.00","--","952084.00","1192376.00","--","-17817.00","981641.00","--","-29557.00","1.79"
"115/06/06","114","2","5220","萬達光電","398212.00","312233.00","--","--","85979.00","--","--","85979.00","79848.00","--","6131.00","-13624.00","-7493.00","-1850.00","-5643.00","--","--","-5643.00","-546.00","--","-6189.00","-5643.00","--","--","-6189.00","--","--","-0.14"
"115/06/06","114","2","5223","安力-KY","945561.00","785778.00","--","--","159783.00","--","--","159783.00","155187.00","--","4596.00","11178.00","15774.00","15024.00","750.00","--","--","750.00","-225478.00","--","-224728.00","750.00","--","--","-224728.00","--","--","0.02"
"115/06/06","114","2","5227","立凱-KY","286948.00","272017.00","--","--","14931.00","--","--","14931.00","176879.00","--","-161948.00","25435.00","-136513.00","0.00","-136513.00","--","--","-136513.00","-879.00","--","-137392.00","-136513.00","--","--","-137392.00","--","--","-2.01"
"115/06/06","114","2","5228","鈺鎧","256585.00","219775.00","--","--","36810.00","--","--","36810.00","51985.00","--","-15175.00","-907.00","-16082.00","794.00","-16876.00","--","--","-16876.00","115.00","--","-16761.00","--","--","--","--","--","--","-0.44"
"115/06/06","114","2","5230","雷笛克光學","629553.00","494762.00","--","--","134791.00","--","--","134791.00","188310.00","--","-53519.00","-11511.00","-65030.00","514.00","-65544.00","--","--","-65544.00","-149514.00","--","-215058.00","-64763.00","--","-781.00","-213459.00","--","-1599.00","-1.13"
"115/06/06","114","2","5236","凌陽創新","991235.00","421237.00","--","--","569998.00","--","--","569998.00","282503.00","--","287495.00","-5243.00","282252.00","31997.00","250255.00","--","--","250255.00","--","--","250255.00","--","--","--","--","--","--","4.17"
"115/06/06","114","2","5245","智晶","441659.00","405904.00","--","--","35755.00","--","--","35755.00","112871.00","--","-77116.00","-22071.00","-99187.00","-1184.00","-98003.00","--","--","-98003.00","0.00","--","-98003.00","-94282.00","--","-3721.00","-94282.00","--","-3721.00","-2.18"
"115/06/06","114","2","5251","天鉞電","170380.00","106932.00","--","--","63448.00","--","--","63448.00","68373.00","--","-4925.00","-7194.00","-12119.00","-2419.00","-9700.00","--","--","-9700.00","-12053.00","--","-21753.00","-9700.00","--","--","-21753.00","--","--","-0.29"
"115/06/06","114","2","5263","智崴","567202.00","376854.00","--","--","190348.00","--","--","190348.00","300326.00","--","-109978.00","-219883.00","-329861.00","-53271.00","-276590.00","--","--","-276590.00","-114949.00","--","-391539.00","-276590.00","--","--","-391539.00","--","--","-3.97"
"115/06/06","114","2","5272","笙科","189339.00","108650.00","--","--","80689.00","--","--","80689.00","117127.00","--","-36438.00","1523.00","-34915.00","-1393.00","-33522.00","--","--","-33522.00","-43694.00","--","-77216.00","--","--","--","--","--","--","-0.61"
"115/06/06","114","2","5274","信驊","4311665.00","1419033.00","--","--","2892632.00","--","--","2892632.00","681485.00","--","2211147.00","-319280.00","1891867.00","376000.00","1515867.00","--","--","1515867.00","-15784.00","--","1500083.00","1515867.00","--","--","1500083.00","--","--","40.11"
"115/06/06","114","2","5276","達輝-KY","445975.00","366084.00","--","--","79891.00","--","--","79891.00","47393.00","--","32498.00","4997.00","37495.00","14364.00","23131.00","--","--","23131.00","-43666.00","--","-20535.00","23131.00","--","--","-20535.00","--","--","0.59"
"115/06/06","114","2","5278","尚凡*","1185527.00","527016.00","--","--","658511.00","--","--","658511.00","519950.00","--","138561.00","66157.00","204718.00","41138.00","163580.00","--","--","163580.00","-37076.00","--","126504.00","159984.00","--","3596.00","123230.00","--","3274.00","0.53"
"115/06/06","114","2","5287","數字","1156019.00","366070.00","--","--","789949.00","--","--","789949.00","342661.00","--","447288.00","23361.00","470649.00","94830.00","375819.00","--","--","375819.00","-81358.00","--","294461.00","375327.00","--","492.00","295588.00","--","-1127.00","6.26"
"115/06/06","114","2","5289","宜鼎","5647171.00","4061349.00","--","--","1585822.00","--","--","1585822.00","865023.00","--","720799.00","-89173.00","631626.00","125963.00","505663.00","--","--","505663.00","-6338.00","--","499325.00","521889.00","--","-16226.00","515859.00","--","-16534.00","5.70"
"115/06/06","114","2","5291","邑昇","536128.00","423917.00","--","--","112211.00","--","--","112211.00","99515.00","--","12696.00","-12283.00","413.00","3331.00","-2918.00","--","--","-2918.00","-12665.00","--","-15583.00","727.00","--","-3645.00","-11938.00","--","-3645.00","0.02"
"115/06/06","114","2","5299","杰力","812438.00","530210.00","--","--","282228.00","--","--","282228.00","142651.00","--","139577.00","-63498.00","76079.00","12961.00","63118.00","--","--","63118.00","-1029.00","--","62089.00","63118.00","--","--","62089.00","--","--","1.24"
"115/06/06","114","2","5301","寶得利","109174.00","23945.00","--","--","85229.00","--","--","85229.00","130320.00","--","-45091.00","-14041.00","-59132.00","--","-59132.00","--","--","-59132.00","6196.00","--","-52936.00","-55715.00","--","-3417.00","-49533.00","--","-3403.00","-0.39"
"115/06/06","114","2","5302","太欣","7714.00","5547.00","--","--","2167.00","--","--","2167.00","35722.00","--","-33555.00","4814.00","-28741.00","0.00","-28741.00","--","--","-28741.00","-313.00","--","-29054.00","-28075.00","--","-666.00","-28339.00","--","-715.00","-0.18"
"115/06/06","114","2","5309","系統電","1706088.00","1295461.00","--","--","410627.00","--","--","410627.00","374876.00","--","35751.00","-13213.00","22538.00","8578.00","13960.00","--","--","13960.00","-137085.00","--","-123125.00","27077.00","--","-13117.00","-107966.00","--","-15159.00","0.14"
"115/06/06","114","2","5310","天剛","399.00","343.00","--","--","56.00","--","--","56.00","13246.00","--","-13190.00","50555.00","37365.00","19014.00","18351.00","--","--","18351.00","0.00","--","18351.00","18351.00","--","--","18351.00","--","--","0.63"
"115/06/06","114","2","5312","寶島科","1961801.00","712781.00","--","--","1249020.00","--","--","1249020.00","1110164.00","--","138856.00","74002.00","212858.00","47233.00","165625.00","--","--","165625.00","-145300.00","--","20325.00","165830.00","--","-205.00","20530.00","--","-205.00","2.76"
"115/06/06","114","2","5314","世紀*","1081301.00","417601.00","--","--","663700.00","--","--","663700.00","168022.00","--","495678.00","34045.00","529723.00","58741.00","470982.00","--","--","470982.00","0.00","--","470982.00","463536.00","--","7446.00","463536.00","--","7446.00","1.58"
"115/06/06","114","2","5315","光聯","1005416.00","855832.00","--","--","149584.00","--","--","149584.00","87783.00","--","61801.00","-22525.00","39276.00","-60115.00","99391.00","0.00","--","99391.00","-44130.00","--","55261.00","99391.00","--","0.00","55261.00","--","0.00","0.93"
"115/06/06","114","2","5321","美而快","1428195.00","699487.00","--","--","728708.00","--","--","728708.00","658474.00","--","70234.00","-27853.00","42381.00","23462.00","18919.00","--","--","18919.00","222.00","--","19141.00","4386.00","--","14533.00","4608.00","--","14533.00","0.08"
"115/06/06","114","2","5324","士開","459079.00","256328.00","--","--","202751.00","--","--","202751.00","193322.00","--","9429.00","-27884.00","-18455.00","436.00","-18891.00","--","--","-18891.00","-3681.00","--","-22572.00","-24470.00","--","5579.00","-28035.00","--","5463.00","-0.11"
"115/06/06","114","2","5328","華容","428625.00","311637.00","--","--","116988.00","--","--","116988.00","95599.00","--","21389.00","-2763.00","18626.00","3803.00","14823.00","--","--","14823.00","-114517.00","--","-99694.00","14094.00","--","729.00","-100423.00","--","729.00","0.08"
"115/06/06","114","2","5340","建榮","1103478.00","921265.00","--","--","182213.00","--","--","182213.00","56125.00","--","126088.00","-33325.00","92763.00","19758.00","73005.00","--","--","73005.00","--","--","73005.00","--","--","--","--","--","--","0.37"
"115/06/06","114","2","5344","立衛","161513.00","152343.00","--","--","9170.00","--","--","9170.00","27901.00","--","-18731.00","-5894.00","-24625.00","-264.00","-24361.00","--","--","-24361.00","0.00","--","-24361.00","--","--","--","--","--","--","-0.31"
"115/06/06","114","2","5345","馥鴻","3151.00","2667.00","--","--","484.00","--","--","484.00","10980.00","--","-10496.00","471.00","-10025.00","0.00","-10025.00","--","--","-10025.00","--","--","-10025.00","-10025.00","--","--","-10025.00","--","--","-0.27"
"115/06/06","114","2","5347","世界","23648652.00","16771427.00","--","--","6877225.00","--","--","6877225.00","2742434.00","--","4134791.00","921711.00","5056502.00","637849.00","4418653.00","--","--","4418653.00","-3282981.00","--","1135672.00","4456846.00","--","-38193.00","1903696.00","--","-768024.00","2.42"
"115/06/06","114","2","5348","正能量智能","112921.00","81928.00","--","--","30993.00","--","--","30993.00","36488.00","--","-5495.00","-3570.00","-9065.00","1132.00","-10197.00","--","--","-10197.00","--","--","-10197.00","-12118.00","0.00","1921.00","-12118.00","0.00","1921.00","-0.82"
"115/06/06","114","2","5351","鈺創","1371852.00","1253126.00","--","--","118726.00","--","--","118726.00","616037.00","33761.00","-463550.00","-7038.00","-470588.00","0.00","-470588.00","--","--","-470588.00","305.00","--","-470283.00","-425901.00","--","-44687.00","-422553.00","--","-47730.00","-1.31"
"115/06/06","114","2","5353","台林","878691.00","674936.00","--","--","203755.00","--","--","203755.00","153791.00","--","49964.00","-11214.00","38750.00","1124.00","37626.00","--","--","37626.00","2848.00","--","40474.00","37626.00","--","0.00","40474.00","--","0.00","0.50"
"115/06/06","114","2","5355","佳總","240955.00","281991.00","--","--","-41036.00","--","--","-41036.00","43324.00","--","-84360.00","5461.00","-78899.00","-2809.00","-76090.00","--","--","-76090.00","-8950.00","--","-85040.00","-76090.00","--","--","-85040.00","--","--","-0.46"
"115/06/06","114","2","5356","協益","1651352.00","1425065.00","--","--","226287.00","--","--","226287.00","147674.00","--","78613.00","-148114.00","-69501.00","8151.00","-77652.00","--","--","-77652.00","-266825.00","--","-344477.00","-77652.00","--","0.00","-344477.00","--","0.00","-0.75"
"115/06/06","114","2","5364","力麗店","152960.00","147589.00","--","--","5371.00","--","--","5371.00","44076.00","--","-38705.00","-659.00","-39364.00","-99.00","-39265.00","--","--","-39265.00","31683.00","--","-7582.00","-38806.00","--","-459.00","-7123.00","--","-459.00","-0.61"
"115/06/06","114","2","5371","中光電","18331512.00","15057290.00","--","--","3274222.00","--","--","3274222.00","3440940.00","--","-166718.00","261082.00","94364.00","20907.00","73457.00","0.00","--","73457.00","-3342964.00","--","-3269507.00","76647.00","--","-3190.00","-3190999.00","--","-78508.00","0.20"
"115/06/06","114","2","5381","光譜","1104143.00","828153.00","--","--","275990.00","--","--","275990.00","109515.00","--","166475.00","-14565.00","151910.00","35495.00","116415.00","--","--","116415.00","-35995.00","--","80420.00","110732.00","--","5683.00","74737.00","--","5683.00","0.46"
"115/06/06","114","2","5386","青雲","2494834.00","2281351.00","--","--","213483.00","--","--","213483.00","60719.00","--","152764.00","-45848.00","106916.00","21389.00","85527.00","--","--","85527.00","-1975.00","--","83552.00","--","--","--","--","--","--","2.39"
"115/06/06","114","2","5392","能率","4280658.00","3639230.00","--","--","641428.00","--","--","641428.00","647614.00","--","-6186.00","-48088.00","-54274.00","58587.00","-112861.00","--","--","-112861.00","-481909.00","--","-594770.00","-95739.00","--","-17122.00","-542525.00","--","-52245.00","-0.57"
"115/06/06","114","2","5398","慕康生醫","102269.00","63821.00","--","--","38448.00","--","--","38448.00","35897.00","--","2551.00","8373.00","10924.00","2335.00","8589.00","--","--","8589.00","-19519.00","--","-10930.00","8589.00","--","--","-10930.00","--","--","0.17"
"115/06/06","114","2","5403","中菲","1671466.00","1041052.00","--","--","630414.00","--","--","630414.00","278996.00","--","351418.00","8255.00","359673.00","71935.00","287738.00","--","--","287738.00","-8894.00","--","278844.00","--","--","--","--","--","--","3.92"
"115/06/06","114","2","5410","國眾","2162124.00","1770351.00","--","--","391773.00","--","--","391773.00","246414.00","--","145359.00","4432.00","149791.00","26628.00","123163.00","--","--","123163.00","-5447.00","--","117716.00","123525.00","--","-362.00","118078.00","--","-362.00","1.35"
"115/06/06","114","2","5425","台半","9216282.00","6604033.00","--","--","2612249.00","--","--","2612249.00","1866421.00","--","745828.00","-158667.00","587161.00","162677.00","424484.00","--","--","424484.00","-723896.00","--","-299412.00","157655.00","--","266829.00","-339360.00","--","39948.00","0.64"
"115/06/06","114","2","5426","振發","887416.00","692810.00","--","--","194606.00","--","--","194606.00","116076.00","--","78530.00","-6997.00","71533.00","31326.00","40207.00","--","--","40207.00","-119142.00","--","-78935.00","40393.00","--","-186.00","-78749.00","--","-186.00","0.28"
"115/06/06","114","2","5432","新門","92516.00","70728.00","--","--","21788.00","--","--","21788.00","11277.00","--","10511.00","-798.00","9713.00","0.00","9713.00","--","--","9713.00","-11013.00","--","-1300.00","--","--","--","--","--","--","0.47"
"115/06/06","114","2","5438","東友","720996.00","609654.00","--","--","111342.00","--","--","111342.00","113717.00","--","-2375.00","5972.00","3597.00","-2836.00","6433.00","--","--","6433.00","-482231.00","--","-475798.00","6433.00","--","--","-475798.00","--","--","0.08"
"115/06/06","114","2","5439","高技","3712346.00","2985557.00","--","--","726789.00","--","--","726789.00","189631.00","--","537158.00","-114355.00","422803.00","68970.00","353833.00","--","--","353833.00","-138.00","--","353695.00","353833.00","--","--","353695.00","--","--","3.81"
"115/06/06","114","2","5443","均豪","2143886.00","1352938.00","--","--","790948.00","--","--","790948.00","555914.00","--","235034.00","113574.00","348608.00","57321.00","291287.00","--","--","291287.00","-1276344.00","--","-985057.00","246537.00","--","44750.00","-961995.00","--","-23062.00","1.53"
"115/06/06","114","2","5450","南良","1233846.00","919402.00","--","--","314444.00","--","--","314444.00","281589.00","--","32855.00","-29207.00","3648.00","10408.00","-6760.00","--","--","-6760.00","-113936.00","--","-120696.00","-6760.00","--","--","-120696.00","--","--","-0.06"
"115/06/06","114","2","5452","佶優","2563014.00","2269175.00","--","--","293839.00","--","--","293839.00","221223.00","--","72616.00","-18155.00","54461.00","21585.00","32876.00","--","--","32876.00","-159254.00","--","-126378.00","24679.00","0.00","8197.00","-111382.00","0.00","-14996.00","0.17"
"115/06/06","114","2","5455","昇益","2025736.00","1599497.00","--","--","426239.00","--","--","426239.00","110054.00","--","316185.00","-1081.00","315104.00","77626.00","237478.00","--","--","237478.00","-4848.00","--","232630.00","--","--","--","--","--","--","3.62"
"115/06/06","114","2","5457","宣德","10920408.00","9030017.00","--","--","1890391.00","--","--","1890391.00","1412088.00","--","478303.00","52497.00","530800.00","153728.00","377072.00","--","--","377072.00","-1018669.00","--","-641597.00","82670.00","--","294402.00","-424872.00","--","-216725.00","0.48"
"115/06/06","114","2","5460","同協","119764.00","85996.00","--","--","33768.00","--","--","33768.00","43394.00","-126.00","-9752.00","-8387.00","-18139.00","-3559.00","-14580.00","--","--","-14580.00","-26385.00","--","-40965.00","-14580.00","--","--","-40965.00","--","--","-0.25"
"115/06/06","114","2","5464","霖宏","473660.00","440955.00","--","--","32705.00","--","--","32705.00","91931.00","--","-59226.00","-225001.00","-284227.00","-51951.00","-232276.00","--","--","-232276.00","--","--","-232276.00","-232276.00","--","0.00","-232276.00","--","0.00","-3.27"
"115/06/06","114","2","5465","富驊","3120751.00","2720560.00","--","--","400191.00","--","--","400191.00","177915.00","--","222276.00","-63693.00","158583.00","24914.00","133669.00","--","--","133669.00","-264467.00","--","-130798.00","98759.00","--","34910.00","-116044.00","--","-14754.00","0.67"
"115/06/06","114","2","5468","凱鈺","56399.00","41041.00","--","--","15358.00","--","--","15358.00","20589.00","--","-5231.00","-301.00","-5532.00","5.00","-5537.00","--","--","-5537.00","--","--","-5537.00","-5537.00","--","--","-5537.00","--","--","-0.15"
"115/06/06","114","2","5474","聰泰","682742.00","386439.00","--","--","296303.00","--","--","296303.00","189780.00","--","106523.00","-4430.00","102093.00","16198.00","85895.00","--","--","85895.00","--","--","85895.00","--","--","--","--","--","--","2.16"
"115/06/06","114","2","5475","德宏","363989.00","308807.00","--","--","55182.00","--","--","55182.00","89481.00","--","-34299.00","373.00","-33926.00","0.00","-33926.00","--","--","-33926.00","-77559.00","--","-111485.00","-33502.00","--","-424.00","-111061.00","--","-424.00","-0.26"
"115/06/06","114","2","5478","智冠","3168470.00","1466400.00","--","--","1702070.00","--","--","1702070.00","1156383.00","--","545687.00","237044.00","782731.00","121118.00","661613.00","--","--","661613.00","-823750.00","--","-162137.00","621856.00","--","39757.00","-183069.00","--","20932.00","4.15"
"115/06/06","114","2","5481","新華","47222.00","26623.00","--","--","20599.00","--","--","20599.00","43753.00","--","-23154.00","-10471.00","-33625.00","607.00","-34232.00","--","--","-34232.00","-17.00","--","-34249.00","-34232.00","--","0.00","-34249.00","--","0.00","-0.52"
"115/06/06","114","2","5483","中美晶","39604401.00","29407988.00","--","--","10196413.00","--","--","10196413.00","4439570.00","--","5756843.00","-795600.00","4961243.00","1435543.00","3525700.00","--","--","3525700.00","-7514025.00","--","-3988325.00","1453138.00","--","2072562.00","-1603990.00","--","-2384335.00","2.37"
"115/06/06","114","2","5487","通泰","87375.00","57802.00","--","--","29573.00","--","--","29573.00","36869.00","--","-7296.00","-10960.00","-18256.00","-4453.00","-13803.00","--","--","-13803.00","-7450.00","--","-21253.00","-13803.00","--","0.00","-21253.00","--","0.00","-0.57"
"115/06/06","114","2","5488","松普","344317.00","297201.00","--","--","47116.00","--","--","47116.00","49651.00","--","-2535.00","21819.00","19284.00","2796.00","16488.00","--","--","16488.00","-107152.00","--","-90664.00","16488.00","--","--","-90664.00","--","--","0.18"
"115/06/06","114","2","5489","彩富","806462.00","506395.00","--","--","300067.00","--","--","300067.00","165898.00","--","134169.00","-65863.00","68306.00","10280.00","58026.00","--","--","58026.00","-1075.00","--","56951.00","57998.00","--","28.00","56923.00","--","28.00","0.58"
"115/06/06","114","2","5490","同亨","758093.00","406101.00","--","--","351992.00","--","--","351992.00","236221.00","--","115771.00","-18072.00","97699.00","17720.00","79979.00","--","--","79979.00","-44745.00","--","35234.00","79979.00","--","--","35234.00","--","--","0.86"
"115/06/06","114","2","5493","三聯","2642849.00","2316328.00","--","--","326521.00","--","--","326521.00","148546.00","--","177975.00","32718.00","210693.00","44939.00","165754.00","--","--","165754.00","-181427.00","--","-15673.00","57904.00","--","107850.00","-121791.00","--","106118.00","1.33"
"115/06/06","114","2","5498","凱崴","636354.00","583023.00","--","--","53331.00","--","--","53331.00","63324.00","--","-9993.00","-18920.00","-28913.00","5064.00","-33977.00","--","--","-33977.00","-173307.00","--","-207284.00","-34323.00","--","346.00","-207630.00","--","346.00","-0.18"
"115/06/06","114","2","5508","永信建","1306110.00","709150.00","--","--","596960.00","--","--","596960.00","116096.00","--","480864.00","-3524.00","477340.00","95110.00","382230.00","--","--","382230.00","--","--","382230.00","382230.00","--","--","382230.00","--","--","1.76"
"115/06/06","114","2","5511","德昌","4630272.00","3911539.00","--","--","718733.00","--","--","718733.00","224140.00","--","494593.00","-46045.00","448548.00","120616.00","327932.00","--","--","327932.00","-30185.00","--","297747.00","341211.00","--","-13279.00","311026.00","--","-13279.00","3.01"
"115/06/06","114","2","5512","力麒","3141054.00","2411206.00","--","--","729848.00","--","--","729848.00","295277.00","--","434571.00","-181491.00","253080.00","98938.00","154142.00","--","--","154142.00","-234856.00","--","-80714.00","55768.00","--","98374.00","-129666.00","--","48952.00","0.07"
"115/06/06","114","2","5514","三豐","2890.00","879.00","--","--","2011.00","--","--","2011.00","29814.00","--","-27803.00","2088.00","-25715.00","--","-25715.00","--","--","-25715.00","-55029.00","--","-80744.00","-25713.00","--","-2.00","-80742.00","--","-2.00","-0.11"
"115/06/06","114","2","5516","雙喜","884077.00","860903.00","--","--","23174.00","--","--","23174.00","18805.00","--","4369.00","-29422.00","-25053.00","-5117.00","-19936.00","--","--","-19936.00","690.00","--","-19246.00","--","--","--","--","--","--","-0.39"
"115/06/06","114","2","5520","力泰","1997924.00","1521917.00","--","--","476007.00","--","--","476007.00","103313.00","--","372694.00","29172.00","401866.00","80071.00","321795.00","--","--","321795.00","-17800.00","--","303995.00","316218.00","--","5577.00","298422.00","--","5573.00","5.27"
"115/06/06","114","2","5523","豐謙","2245.00","266.00","--","--","1979.00","--","--","1979.00","13010.00","--","-11031.00","4063.00","-6968.00","31.00","-6999.00","--","--","-6999.00","-1458.00","--","-8457.00","-7030.00","--","31.00","-8488.00","--","31.00","-0.05"
"115/06/06","114","2","5529","鉅陞","27296.00","23672.00","--","--","3624.00","--","--","3624.00","54624.00","--","-51000.00","503.00","-50497.00","0.00","-50497.00","--","--","-50497.00","--","--","-50497.00","-50497.00","--","--","-50497.00","--","--","-0.50"
"115/06/06","114","2","5530","龍巖","2331944.00","920921.00","--","--","1411023.00","--","--","1411023.00","865378.00","31390.00","577035.00","-50387.00","526648.00","68349.00","458299.00","--","--","458299.00","-245893.00","--","212406.00","456065.00","--","2234.00","210499.00","--","1907.00","1.08"
"115/06/06","114","2","5536","聖暉*","19463905.00","15826671.00","--","--","3637234.00","--","--","3637234.00","1044929.00","--","2592305.00","71652.00","2663957.00","689644.00","1974313.00","--","--","1974313.00","-656293.00","--","1318020.00","1504703.00","--","469610.00","1001946.00","--","316074.00","12.13"
"115/06/06","114","2","5543","桓鼎-KY","1483847.00","1294411.00","--","--","189436.00","--","--","189436.00","199523.00","--","-10087.00","-44515.00","-54602.00","5433.00","-60035.00","--","--","-60035.00","-6522.00","--","-66557.00","-60916.00","--","881.00","-55350.00","--","-11207.00","-1.35"
"115/06/06","114","2","5547","久舜","1141537.00","989277.00","--","--","152260.00","--","--","152260.00","56544.00","--","95716.00","2203.00","97919.00","20203.00","77716.00","--","--","77716.00","--","--","77716.00","--","--","--","--","--","--","1.94"
"115/06/06","114","2","5548","安倉","1207823.00","1091454.00","--","--","116369.00","--","--","116369.00","79442.00","--","36927.00","12391.00","49318.00","9921.00","39397.00","--","--","39397.00","--","--","39397.00","--","--","--","--","--","--","0.69"
"115/06/06","114","2","5601","台聯櫃","46148.00","18580.00","--","--","27568.00","--","--","27568.00","11094.00","0.00","16474.00","674.00","17148.00","3408.00","13740.00","--","--","13740.00","--","--","13740.00","--","--","--","--","--","--","0.21"
"115/06/06","114","2","5603","陸海","701396.00","613929.00","--","--","87467.00","--","--","87467.00","84638.00","--","2829.00","2844.00","5673.00","-1689.00","7362.00","--","--","7362.00","-655.00","--","6707.00","6550.00","--","812.00","5895.00","--","812.00","0.06"
"115/06/06","114","2","5604","中連","79011.00","13990.00","--","--","65021.00","--","--","65021.00","10645.00","--","54376.00","3353.00","57729.00","11084.00","46645.00","0.00","--","46645.00","0.00","--","46645.00","46645.00","--","--","46645.00","--","--","0.43"
"115/06/06","114","2","5609","中菲行","14630367.00","12612897.00","--","--","2017470.00","--","--","2017470.00","1320268.00","--","697202.00","9733.00","706935.00","99476.00","607459.00","--","--","607459.00","-993883.00","--","-386424.00","599876.00","--","7583.00","-389384.00","--","2960.00","4.26"
"115/06/06","114","2","5701","劍湖山","256278.00","129515.00","--","--","126763.00","--","--","126763.00","135853.00","--","-9090.00","-22581.00","-31671.00","0.00","-31671.00","--","--","-31671.00","-40221.00","--","-71892.00","-31671.00","--","--","-71892.00","--","--","-0.22"
"115/06/06","114","2","5703","亞都麗緻","217526.00","128293.00","--","--","89233.00","0.00","0.00","89233.00","77976.00","--","11257.00","699.00","11956.00","2483.00","9473.00","--","--","9473.00","0.00","--","9473.00","9473.00","--","--","9473.00","--","--","0.13"
"115/06/06","114","2","5704","老爺知","132189.00","87928.00","--","--","44261.00","--","--","44261.00","50187.00","--","-5926.00","1313.00","-4613.00","3313.00","-7926.00","--","--","-7926.00","--","--","-7926.00","--","--","--","--","--","--","-0.20"
"115/06/06","114","2","5878","台名","440877.00","361744.00","--","--","79133.00","--","--","79133.00","52539.00","--","26594.00","20690.00","47284.00","5886.00","41398.00","--","--","41398.00","-20345.00","--","21053.00","41398.00","--","--","21053.00","--","--","1.65"
"115/06/06","114","2","5902","德記","1215026.00","932410.00","--","--","282616.00","--","--","282616.00","147255.00","--","135361.00","7383.00","142744.00","29480.00","113264.00","--","--","113264.00","-186.00","--","113078.00","113264.00","--","--","113078.00","--","--","1.20"
"115/06/06","114","2","5903","全家","52722434.00","33487984.00","--","--","19234450.00","--","--","19234450.00","18362690.00","--","871760.00","178036.00","1049796.00","239627.00","810169.00","--","--","810169.00","-15690.00","--","794479.00","769161.00","--","41008.00","753293.00","--","41186.00","3.45"
"115/06/06","114","2","5904","寶雅","12340313.00","6964452.00","--","--","5375861.00","--","--","5375861.00","3682287.00","--","1693574.00","23734.00","1717308.00","338674.00","1378634.00","--","--","1378634.00","--","--","1378634.00","--","--","--","--","--","--","12.97"
"115/06/06","114","2","5905","南仁湖","461486.00","128430.00","--","--","333056.00","--","--","333056.00","450320.00","--","-117264.00","11141.00","-106123.00","-367.00","-105756.00","--","--","-105756.00","-14248.00","--","-120004.00","-89914.00","--","-15842.00","-102854.00","--","-17150.00","-0.33"
"115/06/06","114","2","6028","公勝保經","2428509.00","2075656.00","--","--","352853.00","--","--","352853.00","212429.00","--","140424.00","-22470.00","117954.00","28300.00","89654.00","--","--","89654.00","--","--","89654.00","89654.00","--","--","89654.00","--","--","4.48"
"115/06/06","114","2","6101","寬魚國際","496407.00","459019.00","--","--","37388.00","--","--","37388.00","29034.00","--","8354.00","-51047.00","-42693.00","-8354.00","-34339.00","--","--","-34339.00","740.00","--","-33599.00","-34339.00","--","--","-33599.00","--","--","-0.30"
"115/06/06","114","2","6103","合邦","44472.00","41980.00","--","--","2492.00","--","--","2492.00","7667.00","--","-5175.00","-14080.00","-19255.00","-1069.00","-18186.00","--","--","-18186.00","-42.00","--","-18228.00","-18186.00","--","--","-18228.00","--","--","-1.34"
"115/06/06","114","2","6104","創惟","2119069.00","1015365.00","--","--","1103704.00","--","--","1103704.00","644371.00","--","459333.00","-64369.00","394964.00","57080.00","337884.00","--","--","337884.00","-4104.00","--","333780.00","337884.00","--","0.00","333780.00","--","0.00","3.73"
"115/06/06","114","2","6109","亞元","359751.00","296247.00","--","--","63504.00","--","--","63504.00","114951.00","--","-51447.00","-9925.00","-61372.00","-4997.00","-56375.00","--","--","-56375.00","-31648.00","--","-88023.00","-56318.00","--","-57.00","-88023.00","--","0.00","-0.83"
"115/06/06","114","2","6111","光聚晶電","2464168.00","1548193.00","--","--","915975.00","--","--","915975.00","1064118.00","--","-148143.00","192609.00","44466.00","25243.00","19223.00","--","--","19223.00","-81196.00","--","-61973.00","2473.00","--","16750.00","-58361.00","--","-3612.00","0.02"
"115/06/06","114","2","6113","亞矽","328593.00","262499.00","--","--","66094.00","--","--","66094.00","59612.00","--","6482.00","-10319.00","-3837.00","134.00","-3971.00","--","--","-3971.00","-19084.00","--","-23055.00","-3971.00","--","--","-23055.00","--","--","-0.08"
"115/06/06","114","2","6114","久威","495257.00","426942.00","--","--","68315.00","--","--","68315.00","37799.00","--","30516.00","-5425.00","25091.00","23601.00","1490.00","99.00","--","1589.00","125424.00","--","127013.00","1589.00","--","--","127013.00","--","--","0.03"
"115/06/06","114","2","6118","建達","4760577.00","4536518.00","--","--","224059.00","--","--","224059.00","216539.00","--","7520.00","4134.00","11654.00","1519.00","10135.00","--","--","10135.00","--","--","10135.00","10135.00","--","--","10135.00","--","--","0.11"
"115/06/06","114","2","6121","新普","38004655.00","32304044.00","--","--","5700611.00","--","--","5700611.00","2398460.00","--","3302151.00","832816.00","4134967.00","909693.00","3225274.00","--","--","3225274.00","-2276223.00","--","949051.00","2477227.00","--","748047.00","838261.00","--","110790.00","13.39"
"115/06/06","114","2","6122","擎邦","1975223.00","1687318.00","--","--","287905.00","--","--","287905.00","62557.00","--","225348.00","-12049.00","213299.00","40844.00","172455.00","--","--","172455.00","150799.00","--","323254.00","172455.00","--","--","323254.00","--","--","2.22"
"115/06/06","114","2","6123","上奇","2439870.00","2096953.00","--","--","342917.00","--","--","342917.00","211867.00","--","131050.00","9598.00","140648.00","21832.00","118816.00","--","--","118816.00","-176078.00","--","-57262.00","80349.00","--","38467.00","-77137.00","--","19875.00","1.29"
"115/06/06","114","2","6124","業強","983234.00","947320.00","--","--","35914.00","--","--","35914.00","128618.00","--","-92704.00","-126669.00","-219373.00","480.00","-219853.00","--","--","-219853.00","-192619.00","--","-412472.00","-219837.00","--","-16.00","-412456.00","--","-16.00","-1.20"
"115/06/06","114","2","6125","廣運","1331462.00","1069698.00","--","--","261764.00","--","--","261764.00","520705.00","--","-258941.00","86894.00","-172047.00","2796.00","-174843.00","--","--","-174843.00","-148131.00","--","-322974.00","-11568.00","--","-163275.00","-97748.00","--","-225226.00","-0.04"
"115/06/06","114","2","6126","信音","1924574.00","1463686.00","--","--","460888.00","--","--","460888.00","337006.00","--","123882.00","42562.00","166444.00","38109.00","128335.00","--","--","128335.00","-677365.00","--","-549030.00","58073.00","--","70262.00","-331349.00","--","-217681.00","0.46"
"115/06/06","114","2","6127","九豪","521822.00","445646.00","--","--","76176.00","0.00","0.00","76176.00","186790.00","--","-110614.00","180411.00","69797.00","47763.00","22034.00","--","--","22034.00","-142681.00","--","-120647.00","22034.00","--","--","-120647.00","--","--","0.20"
"115/06/06","114","2","6129","普誠","507878.00","337922.00","--","--","169956.00","--","--","169956.00","310174.00","--","-140218.00","7414.00","-132804.00","-582.00","-132222.00","--","--","-132222.00","-80249.00","--","-212471.00","-137287.00","--","5065.00","-207133.00","--","-5338.00","-0.76"
"115/06/06","114","2","6130","上亞科技","78403.00","54997.00","--","--","23406.00","--","--","23406.00","54153.00","--","-30747.00","-14424.00","-45171.00","-4520.00","-40651.00","--","--","-40651.00","-7755.00","--","-48406.00","-32129.00","--","-8522.00","-38228.00","--","-10178.00","-0.73"
"115/06/06","114","2","6134","萬旭","813469.00","615833.00","--","--","197636.00","--","--","197636.00","210574.00","--","-12938.00","-4614.00","-17552.00","8262.00","-25814.00","--","--","-25814.00","-19288.00","--","-45102.00","-21201.00","--","-4613.00","-34333.00","--","-10769.00","-0.26"
"115/06/06","114","2","6138","茂達","3595469.00","2365090.00","--","--","1230379.00","--","--","1230379.00","656104.00","--","574275.00","-12875.00","561400.00","100107.00","461293.00","--","--","461293.00","-3182.00","--","458111.00","386594.00","--","74699.00","383412.00","--","74699.00","5.30"
"115/06/06","114","2","6140","訊達電腦","1185598.00","1091125.00","--","--","94473.00","--","--","94473.00","94451.00","--","22.00","-59098.00","-59076.00","-14668.00","-44408.00","--","--","-44408.00","-12666.00","--","-57074.00","-44408.00","0.00","0.00","-57074.00","--","--","-0.89"
"115/06/06","114","2","6143","振曜","3657581.00","2870947.00","--","--","786634.00","--","--","786634.00","410112.00","--","376522.00","-128450.00","248072.00","50707.00","197365.00","--","--","197365.00","-71226.00","--","126139.00","139126.00","--","58239.00","100795.00","--","25344.00","1.62"
"115/06/06","114","2","6144","得利影","84437.00","50987.00","--","--","33450.00","--","--","33450.00","44814.00","--","-11364.00","1284.00","-10080.00","0.00","-10080.00","--","--","-10080.00","7769.00","--","-2311.00","--","--","--","--","--","--","-0.26"
"115/06/06","114","2","6146","耕興","2229611.00","1211133.00","--","--","1018478.00","--","--","1018478.00","305067.00","--","713411.00","-4355.00","709056.00","131362.00","577694.00","--","--","577694.00","-290502.00","--","287192.00","549494.00","--","28200.00","308204.00","--","-21012.00","5.39"
"115/06/06","114","2","6147","頎邦","10515709.00","8234823.00","--","--","2280886.00","--","--","2280886.00","987901.00","--","1292985.00","-24258.00","1268727.00","190000.00","1078727.00","--","--","1078727.00","244526.00","--","1323253.00","1078727.00","--","--","1323253.00","--","--","1.46"
"115/06/06","114","2","6148","驊宏資","358175.00","269739.00","--","--","88436.00","--","--","88436.00","58482.00","--","29954.00","-2553.00","27401.00","6203.00","21198.00","0.00","--","21198.00","0.00","--","21198.00","21198.00","--","0.00","21198.00","--","0.00","0.45"
"115/06/06","114","2","6150","撼訊","3819095.00","3519699.00","--","--","299396.00","--","--","299396.00","197734.00","--","101662.00","-32787.00","68875.00","20378.00","48497.00","--","--","48497.00","-9717.00","--","38780.00","48904.00","--","-407.00","39187.00","--","-407.00","1.01"
"115/06/06","114","2","6151","晉倫","874261.00","688744.00","--","--","185517.00","--","--","185517.00","111485.00","--","74032.00","-24093.00","49939.00","9635.00","40304.00","--","--","40304.00","-45226.00","--","-4922.00","40304.00","--","0.00","-4922.00","--","0.00","0.73"
"115/06/06","114","2","6154","順發","1940023.00","1634038.00","--","--","305985.00","--","--","305985.00","297866.00","--","8119.00","3418.00","11537.00","2120.00","9417.00","--","--","9417.00","-308.00","--","9109.00","9417.00","--","0.00","9109.00","--","0.00","0.12"
"115/06/06","114","2","6156","松上","2612897.00","2128303.00","--","--","484594.00","0.00","0.00","484594.00","350646.00","--","133948.00","-20785.00","113163.00","48615.00","64548.00","0.00","--","64548.00","-187817.00","--","-123269.00","14046.00","--","50502.00","-102444.00","--","-20825.00","0.13"
"115/06/06","114","2","6158","禾昌","903767.00","661598.00","--","--","242169.00","--","--","242169.00","235449.00","--","6720.00","39366.00","46086.00","13777.00","32309.00","--","--","32309.00","-225702.00","--","-193393.00","32309.00","--","--","-193393.00","--","--","0.59"
"115/06/06","114","2","6160","欣技","627865.00","374366.00","--","--","253499.00","--","--","253499.00","266253.00","--","-12754.00","-15159.00","-27913.00","-5712.00","-22201.00","--","--","-22201.00","-5042.00","--","-27243.00","-23180.00","--","979.00","-28222.00","--","979.00","-0.34"
"115/06/06","114","2","6161","捷波","610442.00","380823.00","--","--","229619.00","--","--","229619.00","154957.00","--","74662.00","4707.00","79369.00","14446.00","64923.00","--","--","64923.00","-61619.00","--","3304.00","64923.00","--","--","3304.00","--","--","1.15"
"115/06/06","114","2","6163","華電網","2221987.00","1746711.00","--","--","475276.00","--","--","475276.00","537391.00","--","-62115.00","-4551.00","-66666.00","-12007.00","-54659.00","--","--","-54659.00","106163.00","--","51504.00","-54659.00","--","--","51504.00","--","--","-0.39"
"115/06/06","114","2","6167","久正","577758.00","536224.00","--","--","41534.00","--","--","41534.00","101952.00","--","-60418.00","51271.00","-9147.00","63.00","-9210.00","--","--","-9210.00","-64466.00","--","-73676.00","-9210.00","--","0.00","-73676.00","--","0.00","-0.06"
"115/06/06","114","2","6169","昱泉","18944.00","9627.00","--","--","9317.00","--","--","9317.00","43463.00","--","-34146.00","3729.00","-30417.00","979.00","-31396.00","--","--","-31396.00","-498.00","--","-31894.00","-31396.00","--","--","-31894.00","--","--","-1.34"
"115/06/06","114","2","6170","統振","1603330.00","1105009.00","--","--","498321.00","--","--","498321.00","325678.00","--","172643.00","44948.00","217591.00","43495.00","174096.00","--","--","174096.00","572.00","--","174668.00","173706.00","--","390.00","174278.00","--","390.00","1.79"
"115/06/06","114","2","6171","大城地產","862883.00","462924.00","--","--","399959.00","--","--","399959.00","35279.00","--","364680.00","2575.00","367255.00","86726.00","280529.00","--","--","280529.00","--","--","280529.00","--","--","--","--","--","--","2.81"
"115/06/06","114","2","6173","信昌電","2054428.00","1581445.00","--","--","472983.00","--","--","472983.00","149361.00","--","323622.00","-115370.00","208252.00","48026.00","160226.00","--","--","160226.00","-145760.00","--","14466.00","160226.00","--","--","14466.00","--","--","0.94"
"115/06/06","114","2","6174","安��","297601.00","192405.00","--","--","105196.00","--","--","105196.00","83427.00","--","21769.00","-13949.00","7820.00","-334.00","8154.00","--","--","8154.00","-13422.00","--","-5268.00","8154.00","--","--","-5268.00","--","--","0.16"
"115/06/06","114","2","6175","立敦","2183089.00","1669918.00","--","--","513171.00","--","--","513171.00","161373.00","--","351798.00","-42277.00","309521.00","50320.00","259201.00","--","--","259201.00","-375274.00","--","-116073.00","184614.00","--","74587.00","-117185.00","--","1112.00","1.23"
"115/06/06","114","2","6179","亞通","1946987.00","1779272.00","--","--","167715.00","0.00","--","167715.00","121882.00","--","45833.00","29213.00","75046.00","15904.00","59142.00","--","--","59142.00","-139875.00","--","-80733.00","66495.00","--","-7353.00","-73380.00","--","-7353.00","0.58"
"115/06/06","114","2","6180","橘子","4734076.00","3331651.00","--","--","1402425.00","--","--","1402425.00","1382346.00","--","20079.00","53129.00","73208.00","10387.00","62821.00","--","--","62821.00","-80051.00","--","-17230.00","76191.00","--","-13370.00","-4945.00","--","-12285.00","0.43"
"115/06/06","114","2","6182","合晶","4828640.00","3739064.00","--","--","1089576.00","0.00","--","1089576.00","851394.00","--","238182.00","-33598.00","204584.00","77877.00","126707.00","--","--","126707.00","-1942344.00","--","-1815637.00","-53340.00","--","180047.00","-894929.00","--","-920708.00","-0.09"
"115/06/06","114","2","6185","幃翔","267795.00","188520.00","--","--","79275.00","--","--","79275.00","111208.00","--","-31933.00","28172.00","-3761.00","483.00","-4244.00","--","--","-4244.00","-137257.00","--","-141501.00","-4244.00","--","--","-141501.00","--","--","-0.03"
"115/06/06","114","2","6186","新潤","5922234.00","4262189.00","--","--","1660045.00","--","--","1660045.00","486662.00","--","1173383.00","34757.00","1208140.00","234540.00","973600.00","--","--","973600.00","--","--","973600.00","--","--","--","--","--","--","5.64"
"115/06/06","114","2","6187","萬潤","2770607.00","1225459.00","--","--","1545148.00","--","--","1545148.00","660619.00","--","884529.00","42779.00","927308.00","185096.00","742212.00","--","--","742212.00","-164241.00","--","577971.00","742212.00","--","--","577971.00","--","--","7.74"
"115/06/06","114","2","6188","廣明","4679617.00","3288695.00","--","--","1390922.00","--","--","1390922.00","802649.00","--","588273.00","64089.00","652362.00","145185.00","507177.00","--","--","507177.00","-388910.00","--","118267.00","498091.00","--","9086.00","110989.00","--","7278.00","1.79"
"115/06/06","114","2","6190","萬泰科","4504874.00","3710513.00","--","--","794361.00","--","--","794361.00","465275.00","--","329086.00","-34384.00","294702.00","88734.00","205968.00","--","--","205968.00","-253820.00","--","-47852.00","181222.00","--","24746.00","-26919.00","--","-20933.00","1.10"
"115/06/06","114","2","6194","育富","750482.00","624723.00","--","--","125759.00","--","--","125759.00","43845.00","--","81914.00","-10323.00","71591.00","18203.00","53388.00","--","--","53388.00","-165580.00","--","-112192.00","53388.00","--","--","-112192.00","--","--","1.11"
"115/06/06","114","2","6195","詩肯","1102332.00","479898.00","--","--","622434.00","--","--","622434.00","561718.00","--","60716.00","-7376.00","53340.00","11069.00","42271.00","--","--","42271.00","-13521.00","--","28750.00","42282.00","--","-11.00","28666.00","--","84.00","0.84"
"115/06/06","114","2","6198","瑞築","102.00","34.00","--","--","68.00","--","--","68.00","20111.00","--","-20043.00","10148.00","-9895.00","3778.00","-13673.00","--","--","-13673.00","-62.00","--","-13735.00","-13673.00","--","--","-13735.00","--","--","-0.08"
"115/06/06","114","2","6199","天品","53200.00","10683.00","--","--","42517.00","--","--","42517.00","35227.00","--","7290.00","-24717.00","-17427.00","5806.00","-23233.00","--","--","-23233.00","25838.00","--","2605.00","-21318.00","--","-1915.00","4501.00","--","-1896.00","-0.35"
"115/06/06","114","2","6203","海韻電","1410043.00","923829.00","--","--","486214.00","--","--","486214.00","189452.00","--","296762.00","-211881.00","84881.00","16505.00","68376.00","--","--","68376.00","-9009.00","--","59367.00","68376.00","--","--","59367.00","--","--","0.83"
"115/06/06","114","2","6204","艾華","202630.00","134632.00","--","--","67998.00","--","--","67998.00","51577.00","--","16421.00","-1163.00","15258.00","4465.00","10793.00","--","--","10793.00","-11135.00","--","-342.00","10793.00","--","--","-342.00","--","--","0.47"
"115/06/06","114","2","6207","雷科","579770.00","397407.00","--","--","182363.00","--","--","182363.00","141809.00","--","40554.00","-5841.00","34713.00","12785.00","21928.00","--","--","21928.00","-202846.00","--","-180918.00","21629.00","--","299.00","-181217.00","--","299.00","0.27"
"115/06/06","114","2","6208","日揚","1741787.00","1144944.00","--","--","596843.00","--","--","596843.00","417576.00","--","179267.00","-18273.00","160994.00","8117.00","152877.00","--","--","152877.00","-75359.00","--","77518.00","131720.00","--","21157.00","65205.00","--","12313.00","1.39"
"115/06/06","114","2","6210","慶生","144072.00","188633.00","--","--","-44561.00","--","--","-44561.00","21837.00","-876.00","-67274.00","650.00","-66624.00","0.00","-66624.00","--","--","-66624.00","--","--","-66624.00","--","--","--","--","--","--","-1.90"
"115/06/06","114","2","6212","理銘","1188316.00","711862.00","--","--","476454.00","--","--","476454.00","89530.00","--","386924.00","-2809.00","384115.00","86944.00","297171.00","--","--","297171.00","0.00","--","297171.00","--","--","--","--","--","--","2.91"
"115/06/06","114","2","6217","中探針","1650280.00","1330934.00","--","--","319346.00","--","--","319346.00","477072.00","--","-157726.00","-10221.00","-167947.00","6458.00","-174405.00","--","--","-174405.00","-111645.00","--","-286050.00","-164323.00","--","-10082.00","-275471.00","--","-10579.00","-1.49"
"115/06/06","114","2","6218","豪勉","722482.00","631747.00","--","--","90735.00","--","--","90735.00","147065.00","--","-56330.00","22297.00","-34033.00","-6785.00","-27248.00","--","--","-27248.00","-19961.00","--","-47209.00","-27248.00","--","0.00","-47209.00","--","0.00","-0.42"
"115/06/06","114","2","6219","富旺","6816.00","5997.00","--","--","819.00","--","--","819.00","190320.00","--","-189501.00","-9988.00","-199489.00","21963.00","-221452.00","--","--","-221452.00","160.00","--","-221292.00","-221452.00","--","--","-221292.00","--","--","-1.77"
"115/06/06","114","2","6220","岳豐","4289436.00","3107448.00","--","--","1181988.00","--","--","1181988.00","1140416.00","--","41572.00","-77162.00","-35590.00","20598.00","-56188.00","--","--","-56188.00","-394738.00","--","-450926.00","-56188.00","--","0.00","-450926.00","--","0.00","-0.38"
"115/06/06","114","2","6221","晉泰","2837105.00","2254888.00","--","--","582217.00","--","--","582217.00","301095.00","--","281122.00","-15883.00","265239.00","59365.00","205874.00","--","--","205874.00","-121589.00","--","84285.00","205874.00","--","0.00","84285.00","--","0.00","1.65"
"115/06/06","114","2","6222","立軒","1956.00","1597.00","--","--","359.00","--","--","359.00","14095.00","--","-13736.00","3193.00","-10543.00","44.00","-10587.00","--","--","-10587.00","-3420.00","--","-14007.00","-10585.00","--","-2.00","-14005.00","--","-2.00","-0.19"
"115/06/06","114","2","6223","旺矽","6121483.00","2578879.00","--","--","3542604.00","--","--","3542604.00","1623198.00","--","1919406.00","-275450.00","1643956.00","288066.00","1355890.00","-4932.00","--","1350958.00","-15866.00","--","1335092.00","1352214.00","--","-1256.00","1335045.00","--","47.00","14.35"
"115/06/06","114","2","6227","茂綸","8747978.00","8162441.00","--","--","585537.00","--","--","585537.00","329276.00","--","256261.00","-109611.00","146650.00","23852.00","122798.00","--","--","122798.00","-34646.00","--","88152.00","115341.00","0.00","7457.00","80695.00","0.00","7457.00","1.52"
"115/06/06","114","2","6228","全譜","26813.00","16188.00","--","--","10625.00","--","--","10625.00","19343.00","--","-8718.00","-9062.00","-17780.00","0.00","-17780.00","--","--","-17780.00","-1382.00","--","-19162.00","-17780.00","--","--","-19162.00","--","--","-0.68"
"115/06/06","114","2","6229","研通","964539.00","859211.00","--","--","105328.00","--","--","105328.00","110593.00","197.00","-5068.00","-8477.00","-13545.00","-1998.00","-11547.00","--","--","-11547.00","-49065.00","--","-60612.00","-11547.00","--","--","-60612.00","--","--","-0.29"
"115/06/06","114","2","6231","系微","811327.00","220951.00","--","--","590376.00","--","--","590376.00","426080.00","--","164296.00","-3035.00","161261.00","36027.00","125234.00","--","--","125234.00","-41187.00","--","84047.00","125234.00","--","--","84047.00","--","--","2.74"
"115/06/06","114","2","6233","旺玖","196421.00","117818.00","--","--","78603.00","--","--","78603.00","97735.00","--","-19132.00","6815.00","-12317.00","0.00","-12317.00","--","--","-12317.00","-16068.00","--","-28385.00","-12317.00","--","--","-28385.00","--","--","-0.15"
"115/06/06","114","2","6234","高僑","235025.00","218322.00","--","--","16703.00","--","--","16703.00","21068.00","--","-4365.00","-75131.00","-79496.00","-12770.00","-66726.00","--","--","-66726.00","-39718.00","--","-106444.00","-66726.00","--","--","-106444.00","--","--","-0.66"
"115/06/06","114","2","6236","中湛","20369.00","3542.00","--","--","16827.00","--","--","16827.00","16713.00","--","114.00","2668.00","2782.00","0.00","2782.00","--","--","2782.00","-515.00","--","2267.00","2782.00","--","--","2267.00","--","--","0.07"
"115/06/06","114","2","6237","驊訊","202793.00","116005.00","--","--","86788.00","--","--","86788.00","216492.00","--","-129704.00","23758.00","-105946.00","250.00","-106196.00","--","--","-106196.00","-3572.00","--","-109768.00","-101514.00","--","-4682.00","-105086.00","--","-4682.00","-1.27"
"115/06/06","114","2","6240","松崗","22204.00","13118.00","--","--","9086.00","--","--","9086.00","13551.00","--","-4465.00","-21826.00","-26291.00","-2978.00","-23313.00","--","--","-23313.00","14076.00","--","-9237.00","-23313.00","--","--","-9237.00","--","--","-1.02"
"115/06/06","114","2","6241","鑫永洋","374816.00","309052.00","--","--","65764.00","--","--","65764.00","80445.00","--","-14681.00","-5771.00","-20452.00","--","-20452.00","--","--","-20452.00","--","--","-20452.00","--","--","--","--","--","--","-0.42"
"115/06/06","114","2","6242","立康","299395.00","96663.00","--","--","202732.00","--","--","202732.00","151786.00","--","50946.00","2910.00","53856.00","11223.00","42633.00","--","--","42633.00","-2880.00","--","39753.00","42633.00","--","--","39753.00","--","--","1.34"
"115/06/06","114","2","6244","茂迪","1461342.00","1205548.00","--","--","255794.00","--","--","255794.00","171257.00","--","84537.00","-597.00","83940.00","11179.00","72761.00","--","--","72761.00","-125360.00","--","-52599.00","71214.00","--","1547.00","-47634.00","--","-4965.00","0.18"
"115/06/06","114","2","6245","立端","3312237.00","2258127.00","--","--","1054110.00","--","--","1054110.00","822615.00","--","231495.00","44596.00","276091.00","10510.00","265581.00","--","--","265581.00","-135989.00","--","129592.00","265581.00","--","--","129592.00","--","--","1.81"
"115/06/06","114","2","6246","臺龍","776933.00","687179.00","--","--","89754.00","--","--","89754.00","78283.00","--","11471.00","11413.00","22884.00","21697.00","1187.00","--","--","1187.00","-51671.00","--","-50484.00","1187.00","--","--","-50484.00","--","--","0.03"
"115/06/06","114","2","6248","沛波","4044497.00","3820602.00","--","--","223895.00","--","--","223895.00","138019.00","--","85876.00","10896.00","96772.00","18085.00","78687.00","--","--","78687.00","-46870.00","--","31817.00","78687.00","--","--","31817.00","--","--","0.79"
"115/06/06","114","2","6259","百徽","246586.00","187323.00","--","--","59263.00","--","--","59263.00","43949.00","--","15314.00","-8039.00","7275.00","1465.00","5810.00","--","--","5810.00","-4807.00","--","1003.00","5799.00","--","11.00","992.00","--","11.00","0.23"
"115/06/06","114","2","6261","久元","1949794.00","1408708.00","--","--","541086.00","--","--","541086.00","348793.00","30354.00","222647.00","-78504.00","144143.00","-1920.00","146063.00","0.00","--","146063.00","-160266.00","--","-14203.00","168816.00","--","-22753.00","26592.00","--","-40795.00","1.31"
"115/06/06","114","2","6263","普萊德","938821.00","498218.00","--","--","440603.00","--","--","440603.00","143134.00","--","297469.00","10105.00","307574.00","55925.00","251649.00","--","--","251649.00","--","--","251649.00","251649.00","--","0.00","251649.00","--","0.00","4.03"
"115/06/06","114","2","6264","富裔","31622.00","29087.00","--","--","2535.00","--","--","2535.00","55230.00","--","-52695.00","-6293.00","-58988.00","774.00","-59762.00","--","--","-59762.00","--","--","-59762.00","-52539.00","--","-7223.00","-52539.00","--","-7223.00","-0.40"
"115/06/06","114","2","6265","方土昶","288826.00","272623.00","--","--","16203.00","--","--","16203.00","46768.00","--","-30565.00","-97410.00","-127975.00","1059.00","-129034.00","--","--","-129034.00","-6733.00","--","-135767.00","-129034.00","--","--","-135767.00","--","--","-1.09"
"115/06/06","114","2","6266","泰詠","1631833.00","1335105.00","--","--","296728.00","--","--","296728.00","102403.00","--","194325.00","-6279.00","188046.00","41464.00","146582.00","--","--","146582.00","-49394.00","--","97188.00","146582.00","--","--","97188.00","--","--","0.95"
"115/06/06","114","2","6270","倍微","1566401.00","1448327.00","--","--","118074.00","--","--","118074.00","106065.00","--","12009.00","16261.00","28270.00","3722.00","24548.00","--","--","24548.00","-882754.00","--","-858206.00","24548.00","--","--","-858206.00","--","--","0.34"
"115/06/06","114","2","6274","台燿","13152579.00","10184313.00","--","--","2968266.00","--","--","2968266.00","1180276.00","--","1787990.00","-13581.00","1774409.00","450731.00","1323678.00","--","--","1323678.00","-1097285.00","--","226393.00","1323678.00","--","--","226393.00","--","--","4.79"
"115/06/06","114","2","6275","元山","2153945.00","1779362.00","--","--","374583.00","--","--","374583.00","296648.00","--","77935.00","-7037.00","70898.00","-23799.00","94697.00","--","--","94697.00","-26498.00","--","68199.00","95665.00","--","-968.00","69143.00","--","-944.00","1.22"
"115/06/06","114","2","6276","安鈦克","782635.00","609356.00","--","--","173279.00","--","--","173279.00","153438.00","--","19841.00","-10102.00","9739.00","751.00","8988.00","--","--","8988.00","-3066.00","--","5922.00","8988.00","--","--","5922.00","--","0.00","0.41"
"115/06/06","114","2","6279","胡連","4494953.00","3031102.00","--","--","1463851.00","--","--","1463851.00","682958.00","--","780893.00","-263561.00","517332.00","87697.00","429635.00","--","--","429635.00","-466657.00","--","-37022.00","425811.00","--","3824.00","-35887.00","--","-1135.00","3.88"
"115/06/06","114","2","6284","佳邦","3873154.00","2857472.00","--","--","1015682.00","--","--","1015682.00","617935.00","--","397747.00","-134173.00","263574.00","57444.00","206130.00","--","--","206130.00","-407527.00","--","-201397.00","207874.00","--","-1744.00","-199653.00","--","-1744.00","1.40"
"115/06/06","114","2","6290","良維","4954179.00","3453588.00","--","--","1500591.00","--","--","1500591.00","556227.00","31301.00","975665.00","-187514.00","788151.00","203325.00","584826.00","--","--","584826.00","-358767.00","--","226059.00","575855.00","--","8971.00","236627.00","--","-10568.00","3.62"
"115/06/06","114","2","6291","沛亨","958408.00","659463.00","--","--","298945.00","--","--","298945.00","175915.00","--","123030.00","-56433.00","66597.00","16394.00","50203.00","--","--","50203.00","-25404.00","--","24799.00","57805.00","0.00","-7602.00","37169.00","0.00","-12370.00","1.38"
"115/06/06","114","2","6292","迅德","452435.00","285726.00","--","--","166709.00","--","--","166709.00","139443.00","4135.00","31401.00","-31214.00","187.00","82.00","105.00","0.00","--","105.00","-59696.00","--","-59591.00","105.00","--","--","-59591.00","--","--","0.00"
"115/06/06","114","2","6294","智基","541126.00","331264.00","--","--","209862.00","--","--","209862.00","126473.00","--","83389.00","-4715.00","78674.00","20277.00","58397.00","--","--","58397.00","--","--","58397.00","58397.00","--","--","58397.00","--","--","2.24"
"115/06/06","114","2","6411","晶焱","1194280.00","708127.00","--","--","486153.00","--","--","486153.00","367552.00","--","118601.00","2798.00","121399.00","21770.00","99629.00","--","--","99629.00","-4411.00","--","95218.00","117337.00","--","-17708.00","121387.00","--","-26169.00","1.20"
"115/06/06","114","2","6417","韋僑","777680.00","530384.00","--","--","247296.00","--","--","247296.00","114417.00","--","132879.00","-29328.00","103551.00","22740.00","80811.00","--","--","80811.00","-71.00","--","80740.00","80811.00","--","--","80740.00","--","--","1.91"
"115/06/06","114","2","6418","詠昇","389405.00","306517.00","--","--","82888.00","--","--","82888.00","64597.00","--","18291.00","3146.00","21437.00","1045.00","20392.00","--","--","20392.00","-18462.00","--","1930.00","20392.00","--","--","1930.00","--","--","0.59"
"115/06/06","114","2","6419","京晨科","254429.00","186360.00","--","--","68069.00","--","--","68069.00","42433.00","--","25636.00","-27551.00","-1915.00","7295.00","-9210.00","--","--","-9210.00","-10289.00","--","-19499.00","-9210.00","--","0.00","-19499.00","--","0.00","-0.70"
"115/06/06","114","2","6423","億而得","114675.00","513.00","--","--","114162.00","--","--","114162.00","101748.00","--","12414.00","1361.00","13775.00","4000.00","9775.00","--","--","9775.00","--","--","9775.00","--","--","--","--","--","--","0.33"
"115/06/06","114","2","6425","易發","639647.00","477372.00","--","--","162275.00","--","--","162275.00","237428.00","--","-75153.00","-40527.00","-115680.00","-19507.00","-96173.00","--","--","-96173.00","-4023.00","--","-100196.00","-97402.00","--","1229.00","-101425.00","--","1229.00","-2.01"
"115/06/06","114","2","6432","今展科","563667.00","435912.00","--","--","127755.00","--","--","127755.00","107974.00","--","19781.00","-35483.00","-15702.00","-3516.00","-12186.00","--","--","-12186.00","-47221.00","--","-59407.00","-12186.00","--","--","-59407.00","--","--","-0.38"
"115/06/06","114","2","6435","大中","1710580.00","1367651.00","--","--","342929.00","--","--","342929.00","181534.00","--","161395.00","-2691.00","158704.00","28567.00","130137.00","--","--","130137.00","9069.00","--","139206.00","--","--","--","--","--","--","3.50"
"115/06/06","114","2","6441","廣錠","165012.00","158252.00","--","--","6760.00","--","--","6760.00","139774.00","--","-133014.00","-29562.00","-162576.00","-1629.00","-160947.00","--","--","-160947.00","23.00","--","-160924.00","-159028.00","--","-1919.00","-159005.00","--","-1919.00","-2.98"
"115/06/06","114","2","6461","益得","95423.00","110426.00","--","--","-15003.00","--","--","-15003.00","89100.00","--","-104103.00","-10665.00","-114768.00","6804.00","-121572.00","--","--","-121572.00","--","--","-121572.00","--","--","--","--","--","--","-0.87"
"115/06/06","114","2","6462","神盾","2275577.00","1376370.00","--","--","899207.00","--","--","899207.00","1796238.00","--","-897031.00","-245827.00","-1142858.00","-67343.00","-1075515.00","--","--","-1075515.00","-587003.00","--","-1662518.00","-725970.00","--","-349545.00","-1255672.00","--","-406846.00","-7.96"
"115/06/06","114","2","6465","威潤","87557.00","62437.00","--","--","25120.00","--","--","25120.00","53986.00","--","-28866.00","-7543.00","-36409.00","-772.00","-35637.00","--","--","-35637.00","-513.00","--","-36150.00","-35637.00","--","--","-36150.00","--","--","-0.69"
"115/06/06","114","2","6469","大樹","9451600.00","6767977.00","--","--","2683623.00","--","--","2683623.00","2293119.00","--","390504.00","8487.00","398991.00","86125.00","312866.00","--","--","312866.00","-19355.00","--","293511.00","320219.00","--","-7353.00","302725.00","--","-9214.00","2.42"
"115/06/06","114","2","6470","宇智","1084306.00","894278.00","--","--","190028.00","--","--","190028.00","80008.00","--","110020.00","-103162.00","6858.00","1988.00","4870.00","--","--","4870.00","-2841.00","--","2029.00","4870.00","--","--","2029.00","--","--","0.13"
"115/06/06","114","2","6474","華豫寧","1967774.00","1529442.00","--","--","438332.00","--","--","438332.00","298065.00","--","140267.00","-23250.00","117017.00","22977.00","94040.00","--","--","94040.00","-90716.00","--","3324.00","94040.00","--","--","3324.00","--","--","2.01"
"115/06/06","114","2","6482","弘煜科","271647.00","6694.00","--","--","264953.00","--","--","264953.00","212103.00","--","52850.00","-8727.00","44123.00","16201.00","27922.00","--","--","27922.00","-2122.00","--","25800.00","27467.00","--","455.00","25487.00","--","313.00","1.15"
"115/06/06","114","2","6485","點序","729999.00","375349.00","--","--","354650.00","--","--","354650.00","354096.00","--","554.00","4899.00","5453.00","-8770.00","14223.00","--","--","14223.00","--","--","14223.00","14223.00","--","--","14223.00","--","--","0.31"
"115/06/06","114","2","6486","互動","900573.00","552485.00","--","--","348088.00","--","--","348088.00","233331.00","--","114757.00","9366.00","124123.00","20498.00","103625.00","--","--","103625.00","-926.00","--","102699.00","102843.00","0.00","782.00","101917.00","0.00","782.00","2.02"
"115/06/06","114","2","6488","環球晶","31602431.00","23367569.00","--","--","8234862.00","--","--","8234862.00","3207508.00","--","5027354.00","-605392.00","4421962.00","1284404.00","3137558.00","--","--","3137558.00","-6415845.00","--","-3278287.00","3138025.00","--","-467.00","-3278121.00","--","-166.00","6.56"
"115/06/06","114","2","6492","生華科","500.00","153.00","--","--","347.00","--","--","347.00","126248.00","--","-125901.00","8396.00","-117505.00","-3.00","-117502.00","--","--","-117502.00","-6459.00","--","-123961.00","-117502.00","--","--","-123961.00","--","--","-1.32"
"115/06/06","114","2","6494","九齊","576436.00","440294.00","--","--","136142.00","--","--","136142.00","172081.00","--","-35939.00","-24586.00","-60525.00","321.00","-60846.00","--","--","-60846.00","-2992.00","--","-63838.00","-60846.00","--","--","-63838.00","--","--","-1.93"
"115/06/06","114","2","6496","科懋","411894.00","241505.00","--","--","170389.00","--","--","170389.00","257547.00","--","-87158.00","697.00","-86461.00","2328.00","-88789.00","--","--","-88789.00","-5984.00","--","-94773.00","-88789.00","--","--","-94773.00","--","--","-1.92"
"115/06/06","114","2","6498","久禾光","559387.00","289408.00","--","--","269979.00","--","--","269979.00","94989.00","--","174990.00","-11491.00","163499.00","58723.00","104776.00","--","--","104776.00","-58907.00","--","45869.00","104776.00","--","--","45869.00","--","--","2.46"
"115/06/06","114","2","6499","益安","212260.00","180245.00","--","--","32015.00","--","--","32015.00","406629.00","--","-374614.00","-4480.00","-379094.00","-244.00","-378850.00","--","--","-378850.00","-34904.00","--","-413754.00","-356153.00","--","-22697.00","-389270.00","--","-24484.00","-3.86"
"115/06/06","114","2","6506","雙邦","1003955.00","836358.00","--","--","167597.00","--","--","167597.00","92805.00","--","74792.00","-19679.00","55113.00","11023.00","44090.00","--","--","44090.00","0.00","--","44090.00","40718.00","--","3372.00","40718.00","--","3372.00","0.49"
"115/06/06","114","2","6508","惠光","982752.00","759190.00","--","--","223562.00","--","--","223562.00","129864.00","2757.00","96455.00","-74692.00","21763.00","10805.00","10958.00","--","--","10958.00","-52652.00","--","-41694.00","10958.00","--","--","-41694.00","--","--","0.13"
"115/06/06","114","2","6509","聚和","2591708.00","1795332.00","--","--","796376.00","--","--","796376.00","381706.00","--","414670.00","-16331.00","398339.00","117098.00","281241.00","--","--","281241.00","-248617.00","--","32624.00","281241.00","--","--","32624.00","--","--","1.42"
"115/06/06","114","2","6510","精測","2368109.00","1069413.00","--","--","1298696.00","--","--","1298696.00","734752.00","0.00","563944.00","-34431.00","529513.00","98490.00","431023.00","--","--","431023.00","-28617.00","--","402406.00","436786.00","--","-5763.00","408169.00","--","-5763.00","13.32"
"115/06/06","114","2","6512","啟發電","99561.00","71640.00","--","--","27921.00","--","--","27921.00","37055.00","--","-9134.00","-568.00","-9702.00","15.00","-9717.00","--","--","-9717.00","--","--","-9717.00","-9717.00","--","--","-9717.00","--","--","-0.38"
"115/06/06","114","2","6516","勤崴國際","253638.00","112110.00","--","--","141528.00","--","--","141528.00","106456.00","42.00","35114.00","13023.00","48137.00","10474.00","37663.00","--","--","37663.00","2387.00","--","40050.00","--","--","--","--","--","--","0.67"
"115/06/06","114","2","6517","保勝光學","264054.00","162703.00","--","--","101351.00","--","--","101351.00","43374.00","--","57977.00","-49453.00","8524.00","1670.00","6854.00","--","--","6854.00","--","--","6854.00","6854.00","--","--","6854.00","--","--","0.22"
"115/06/06","114","2","6523","達爾膚","572669.00","170742.00","--","--","401927.00","--","--","401927.00","164558.00","--","237369.00","-30015.00","207354.00","55683.00","151671.00","--","--","151671.00","--","--","151671.00","151671.00","--","--","151671.00","--","--","3.37"
"115/06/06","114","2","6527","明達醫","480930.00","312097.00","--","--","168833.00","--","--","168833.00","71259.00","--","97574.00","-15584.00","81990.00","7374.00","74616.00","--","--","74616.00","0.00","--","74616.00","74616.00","--","--","74616.00","--","--","2.94"
"115/06/06","114","2","6530","創威","159872.00","86464.00","--","--","73408.00","--","--","73408.00","34452.00","--","38956.00","-4190.00","34766.00","6953.00","27813.00","--","--","27813.00","--","--","27813.00","--","--","--","--","--","--","0.82"
"115/06/06","114","2","6532","瑞耘","355874.00","230171.00","--","--","125703.00","--","--","125703.00","38046.00","--","87657.00","-25685.00","61972.00","13903.00","48069.00","--","--","48069.00","-10719.00","--","37350.00","48069.00","0.00","0.00","37350.00","0.00","0.00","1.28"
"115/06/06","114","2","6535","順藥","11076.00","4042.00","--","--","7034.00","--","--","7034.00","224637.00","--","-217603.00","-37778.00","-255381.00","0.00","-255381.00","--","--","-255381.00","-112.00","--","-255493.00","-252102.00","--","-3279.00","-252214.00","--","-3279.00","-1.52"
"115/06/06","114","2","6538","倉和","814826.00","542696.00","--","--","272130.00","--","--","272130.00","175104.00","--","97026.00","-24607.00","72419.00","18241.00","54178.00","--","--","54178.00","-86537.00","--","-32359.00","54178.00","--","--","-32359.00","--","--","1.45"
"115/06/06","114","2","6542","隆中","423992.00","96356.00","--","--","327636.00","--","--","327636.00","319737.00","--","7899.00","-14663.00","-6764.00","1644.00","-8408.00","--","--","-8408.00","-23443.00","--","-31851.00","-6006.00","--","-2402.00","-29235.00","--","-2616.00","-0.14"
"115/06/06","114","2","6546","正基","1211687.00","933216.00","--","--","278471.00","--","--","278471.00","147248.00","--","131223.00","-81037.00","50186.00","2243.00","47943.00","--","--","47943.00","-24052.00","--","23891.00","47522.00","--","421.00","23470.00","--","421.00","0.71"
"115/06/06","114","2","6547","高端疫苗","260302.00","84191.00","--","--","176111.00","--","--","176111.00","271212.00","--","-95101.00","-25831.00","-120932.00","0.00","-120932.00","--","--","-120932.00","-74287.00","--","-195219.00","-120932.00","--","--","-195219.00","--","--","-0.37"
"115/06/06","114","2","6548","長科*","6429081.00","5052035.00","--","--","1377046.00","--","--","1377046.00","604635.00","--","772411.00","-121107.00","651304.00","110249.00","541055.00","--","--","541055.00","-1084714.00","--","-543659.00","518779.00","--","22276.00","-538520.00","--","-5139.00","0.56"
"115/06/06","114","2","6556","勝品","679522.00","438214.00","--","--","241308.00","--","--","241308.00","118206.00","--","123102.00","-7877.00","115225.00","27336.00","87889.00","--","--","87889.00","-3699.00","--","84190.00","88601.00","--","-712.00","87093.00","--","-2903.00","3.08"
"115/06/06","114","2","6560","欣普羅","83879.00","56816.00","--","--","27063.00","--","--","27063.00","42511.00","--","-15448.00","-24272.00","-39720.00","-7967.00","-31753.00","--","--","-31753.00","--","--","-31753.00","--","--","--","--","--","--","-1.23"
"115/06/06","114","2","6561","是方","2080769.00","934748.00","--","--","1146021.00","--","--","1146021.00","292584.00","0.00","853437.00","-42036.00","811401.00","167915.00","643486.00","--","--","643486.00","-5975.00","--","637511.00","642039.00","--","1447.00","636668.00","--","843.00","8.24"
"115/06/06","114","2","6568","宏觀","559760.00","335011.00","--","--","224749.00","155.00","--","224594.00","147038.00","--","77556.00","-19491.00","58065.00","14430.00","43635.00","--","--","43635.00","-2315.00","--","41320.00","43635.00","--","--","41320.00","--","--","1.43"
"115/06/06","114","2","6569","醫揚","667410.00","450227.00","--","--","217183.00","--","--","217183.00","191192.00","--","25991.00","7231.00","33222.00","1713.00","31509.00","--","--","31509.00","28409.00","--","59918.00","31547.00","--","-38.00","59956.00","--","-38.00","0.81"
"115/06/06","114","2","6570","維田","458504.00","300486.00","--","--","158018.00","--","--","158018.00","124500.00","--","33518.00","-10552.00","22966.00","4733.00","18233.00","--","--","18233.00","-18949.00","--","-716.00","18233.00","--","--","-716.00","--","--","0.49"
"115/06/06","114","2","6574","霈方","302240.00","104558.00","--","--","197682.00","--","--","197682.00","117230.00","--","80452.00","-3918.00","76534.00","18207.00","58327.00","--","--","58327.00","-1939.00","--","56388.00","58327.00","--","--","56388.00","--","--","2.65"
"115/06/06","114","2","6576","逸達","222109.00","115055.00","--","--","107054.00","--","--","107054.00","718751.00","--","-611697.00","-15267.00","-626964.00","-4460.00","-622504.00","--","--","-622504.00","-38703.00","--","-661207.00","-622504.00","--","--","-661207.00","--","--","-4.04"
"115/06/06","114","2","6577","勁豐","1042283.00","689373.00","--","--","352910.00","--","--","352910.00","140650.00","--","212260.00","-62465.00","149795.00","34275.00","115520.00","--","--","115520.00","-48930.00","--","66590.00","115520.00","--","--","66590.00","--","--","1.92"
"115/06/06","114","2","6578","達邦蛋白","159466.00","125220.00","--","--","34246.00","--","--","34246.00","30117.00","--","4129.00","-18502.00","-14373.00","-1690.00","-12683.00","--","--","-12683.00","-16861.00","--","-29544.00","-12683.00","--","--","-29544.00","--","--","-0.18"
"115/06/06","114","2","6584","南俊國際","1100737.00","754586.00","--","--","346151.00","--","--","346151.00","176935.00","--","169216.00","-40906.00","128310.00","54638.00","73672.00","--","--","73672.00","-41033.00","--","32639.00","73672.00","--","--","32639.00","--","--","1.12"
"115/06/06","114","2","6588","東典光電","79052.00","93568.00","--","--","-14516.00","--","--","-14516.00","35113.00","--","-49629.00","-10886.00","-60515.00","25.00","-60540.00","--","--","-60540.00","-2089.00","--","-62629.00","-58436.00","--","-2104.00","-60525.00","--","-2104.00","-1.68"
"115/06/06","114","2","6590","普鴻","331116.00","174789.00","--","--","156327.00","--","--","156327.00","76727.00","--","79600.00","-3382.00","76218.00","15059.00","61159.00","--","--","61159.00","--","--","61159.00","57678.00","--","3481.00","57678.00","--","3481.00","2.71"
"115/06/06","114","2","6593","台灣銘板","237699.00","181174.00","--","--","56525.00","--","--","56525.00","74025.00","--","-17500.00","-3220.00","-20720.00","-3341.00","-17379.00","--","--","-17379.00","-1038.00","--","-18417.00","-17288.00","--","-91.00","-18250.00","--","-167.00","-0.69"
"115/06/06","114","2","6596","寬宏藝術","851181.00","463670.00","--","--","387511.00","--","--","387511.00","113617.00","-382.00","273512.00","21380.00","294892.00","58808.00","236084.00","0.00","--","236084.00","580.00","--","236664.00","236084.00","--","--","236664.00","--","--","6.21"
"115/06/06","114","2","6597","立誠","371630.00","265242.00","--","--","106388.00","--","--","106388.00","57247.00","--","49141.00","-38165.00","10976.00","1246.00","9730.00","--","--","9730.00","--","--","9730.00","--","--","--","--","--","--","0.35"
"115/06/06","114","2","6603","富強鑫","2273093.00","1713328.00","--","--","559765.00","--","--","559765.00","506707.00","--","53058.00","-48020.00","5038.00","6842.00","-1804.00","--","--","-1804.00","-204793.00","--","-206597.00","-5523.00","--","3719.00","-193343.00","--","-13254.00","-0.03"
"115/06/06","114","2","6609","瀧澤科","1242982.00","1035670.00","--","--","207312.00","--","--","207312.00","177103.00","--","30209.00","-88812.00","-58603.00","-5267.00","-53336.00","--","--","-53336.00","-32657.00","--","-85993.00","-53336.00","--","--","-85993.00","--","--","-0.74"
"115/06/06","114","2","6612","奈米醫材","566846.00","234212.00","--","--","332634.00","--","--","332634.00","248871.00","--","83763.00","-45669.00","38094.00","27890.00","10204.00","--","--","10204.00","-173832.00","--","-163628.00","30307.00","--","-20103.00","-144353.00","--","-19275.00","0.71"
"115/06/06","114","2","6613","朋億*","4192742.00","2832734.00","--","--","1360008.00","--","--","1360008.00","552297.00","--","807711.00","-53420.00","754291.00","229222.00","525069.00","--","--","525069.00","-271284.00","--","253785.00","386826.00","--","138243.00","159714.00","--","94071.00","4.97"
"115/06/06","114","2","6615","慧智","196602.00","145163.00","--","--","51439.00","--","--","51439.00","70821.00","--","-19382.00","12816.00","-6566.00","-2906.00","-3660.00","--","--","-3660.00","91.00","--","-3569.00","-3653.00","--","-7.00","-3573.00","--","4.00","-0.17"
"115/06/06","114","2","6616","特昇-KY","508227.00","447024.00","--","--","61203.00","--","--","61203.00","65145.00","--","-3942.00","-3172.00","-7114.00","287.00","-7401.00","--","--","-7401.00","-28769.00","--","-36170.00","-7461.00","--","60.00","-36386.00","--","216.00","-0.21"
"115/06/06","114","2","6617","共信-KY","16374.00","4599.00","--","--","11775.00","--","--","11775.00","93397.00","--","-81622.00","46984.00","-34638.00","75.00","-34713.00","--","--","-34713.00","-234004.00","--","-268717.00","-31577.00","--","-3136.00","-266326.00","--","-2391.00","-0.25"
"115/06/06","114","2","6620","漢達","939799.00","124395.00","--","--","815404.00","--","--","815404.00","228061.00","--","587343.00","-105494.00","481849.00","114430.00","367419.00","--","--","367419.00","-130654.00","--","236765.00","367419.00","--","--","236765.00","--","--","2.42"
"115/06/06","114","2","6624","萬年清","229468.00","184175.00","--","--","45293.00","--","--","45293.00","35133.00","--","10160.00","-14441.00","-4281.00","-811.00","-3470.00","--","--","-3470.00","-3077.00","--","-6547.00","-4352.00","--","882.00","-7105.00","--","558.00","-0.21"
"115/06/06","114","2","6629","泰金-KY","708664.00","479955.00","--","--","228709.00","--","--","228709.00","56754.00","--","171955.00","-96219.00","75736.00","18877.00","56859.00","--","--","56859.00","-60566.00","--","-3707.00","56716.00","--","143.00","-3759.00","--","52.00","1.48"
"115/06/06","114","2","6637","醫影","769557.00","578372.00","--","--","191185.00","--","--","191185.00","53262.00","--","137923.00","1450.00","139373.00","31718.00","107655.00","--","--","107655.00","-14209.00","--","93446.00","107655.00","--","--","93446.00","--","--","4.32"
"115/06/06","114","2","6640","均華","1167445.00","714512.00","--","--","452933.00","--","--","452933.00","269369.00","--","183564.00","-9185.00","174379.00","45766.00","128613.00","--","--","128613.00","-162572.00","--","-33959.00","143751.00","--","-15138.00","-18821.00","--","-15138.00","5.13"
"115/06/06","114","2","6642","富致","279744.00","150918.00","--","--","128826.00","--","--","128826.00","58450.00","--","70376.00","-24373.00","46003.00","5173.00","40830.00","--","--","40830.00","-13674.00","--","27156.00","40830.00","--","--","27156.00","--","--","1.09"
"115/06/06","114","2","6643","M31","883247.00","--","--","--","883247.00","--","--","883247.00","836413.00","--","46834.00","-71549.00","-24715.00","-3504.00","-21211.00","--","--","-21211.00","-7168.00","--","-28379.00","-21211.00","--","--","-28379.00","--","--","-0.51"
"115/06/06","114","2","6649","台生材","101421.00","34673.00","--","--","66748.00","--","--","66748.00","31276.00","--","35472.00","-8949.00","26523.00","0.00","26523.00","--","--","26523.00","--","--","26523.00","--","--","--","--","--","--","0.63"
"115/06/06","114","2","6651","全宇昕","799610.00","515989.00","--","--","283621.00","--","--","283621.00","124131.00","3103.00","162593.00","-63141.00","99452.00","14350.00","85102.00","--","--","85102.00","--","--","85102.00","--","--","--","--","--","--","2.46"
"115/06/06","114","2","6654","天正國際","163081.00","151573.00","--","--","11508.00","--","--","11508.00","77810.00","--","-66302.00","-10331.00","-76633.00","-11374.00","-65259.00","--","--","-65259.00","-39356.00","--","-104615.00","-63721.00","--","-1538.00","-103077.00","--","-1538.00","-1.92"
"115/06/06","114","2","6661","威健生技","168001.00","98962.00","--","--","69039.00","--","--","69039.00","73752.00","--","-4713.00","-543.00","-5256.00","168.00","-5424.00","--","--","-5424.00","-177.00","--","-5601.00","-5021.00","--","-403.00","-5198.00","--","-403.00","-0.22"
"115/06/06","114","2","6662","樂斯科","130151.00","81003.00","--","--","49148.00","--","--","49148.00","29428.00","--","19720.00","1746.00","21466.00","4174.00","17292.00","--","--","17292.00","-163.00","--","17129.00","--","--","--","--","--","--","0.68"
"115/06/06","114","2","6664","群翊","1206989.00","428993.00","--","--","777996.00","--","--","777996.00","216821.00","--","561175.00","-125618.00","435557.00","88600.00","346957.00","--","--","346957.00","-38243.00","--","308714.00","346957.00","--","--","308714.00","--","--","5.73"
"115/06/06","114","2","6667","信紘科","2996032.00","2350890.00","--","--","645142.00","--","--","645142.00","246305.00","--","398837.00","-2451.00","396386.00","89132.00","307254.00","--","--","307254.00","-4304.00","--","302950.00","312319.00","--","-5065.00","308015.00","--","-5065.00","6.76"
"115/06/06","114","2","6679","鈺太","1012484.00","604723.00","--","--","407761.00","--","--","407761.00","224777.00","--","182984.00","-154418.00","28566.00","4216.00","24350.00","--","--","24350.00","155327.00","--","179677.00","24350.00","--","--","179677.00","--","--","0.45"
"115/06/06","114","2","6680","鑫創電子","241961.00","161233.00","--","--","80728.00","--","--","80728.00","90614.00","--","-9886.00","-17425.00","-27311.00","0.00","-27311.00","--","--","-27311.00","-1348.00","--","-28659.00","-27311.00","--","--","-28659.00","--","--","-1.15"
"115/06/06","114","2","6683","雍智科技","1000321.00","553664.00","--","--","446657.00","--","--","446657.00","197371.00","--","249286.00","-77165.00","172121.00","37124.00","134997.00","--","--","134997.00","-10925.00","--","124072.00","134997.00","--","--","124072.00","--","--","4.97"
"115/06/06","114","2","6684","安格","160839.00","80456.00","--","--","80383.00","--","0.00","80383.00","140097.00","--","-59714.00","231070.00","171356.00","18514.00","152842.00","--","--","152842.00","-32957.00","--","119885.00","161712.00","--","-8870.00","128750.00","--","-8865.00","3.63"
"115/06/06","114","2","6690","安�硌穈T","1114044.00","644232.00","--","--","469812.00","--","--","469812.00","312804.00","--","157008.00","7023.00","164031.00","32833.00","131198.00","--","--","131198.00","1665.00","--","132863.00","131198.00","--","--","132863.00","--","--","4.37"
"115/06/06","114","2","6692","進能服","1019975.00","861687.00","--","--","158288.00","--","--","158288.00","108235.00","--","50053.00","3530.00","53583.00","7848.00","45735.00","--","--","45735.00","--","--","45735.00","45735.00","--","--","45735.00","--","--","0.78"
"115/06/06","114","2","6693","廣閎科","636018.00","471399.00","--","--","164619.00","--","--","164619.00","164944.00","--","-325.00","-100563.00","-100888.00","-21198.00","-79690.00","--","--","-79690.00","-408.00","--","-80098.00","-79690.00","--","--","-80098.00","--","--","-1.74"
"115/06/06","114","2","6697","東捷資訊","689373.00","569089.00","--","--","120284.00","--","--","120284.00","55515.00","--","64769.00","2960.00","67729.00","17518.00","50211.00","--","--","50211.00","-7747.00","--","42464.00","50211.00","--","--","42464.00","--","--","1.84"
"115/06/06","114","2","6703","軒郁","1510985.00","560816.00","--","--","950169.00","--","--","950169.00","782566.00","--","167603.00","-6222.00","161381.00","34000.00","127381.00","--","--","127381.00","-6356.00","--","121025.00","133817.00","--","-6436.00","127461.00","--","-6436.00","4.50"
"115/06/06","114","2","6708","天擎","149013.00","72541.00","--","--","76472.00","--","--","76472.00","65884.00","--","10588.00","-9421.00","1167.00","137.00","1030.00","--","--","1030.00","-3680.00","--","-2650.00","1030.00","--","--","-2650.00","--","--","0.04"
"115/06/06","114","2","6712","長聖","398913.00","111876.00","--","--","287037.00","0.00","--","287037.00","116444.00","--","170593.00","42744.00","213337.00","34967.00","178370.00","--","--","178370.00","-6422.00","--","171948.00","178370.00","--","--","171948.00","--","--","2.02"
"115/06/06","114","2","6716","應廣","539347.00","354868.00","--","--","184479.00","--","--","184479.00","154233.00","--","30246.00","-14521.00","15725.00","1694.00","14031.00","--","--","14031.00","-23029.00","--","-8998.00","14031.00","--","--","-8998.00","--","--","0.47"
"115/06/06","114","2","6720","久昌","255887.00","106161.00","--","--","149726.00","--","--","149726.00","56275.00","--","93451.00","-24285.00","69166.00","13811.00","55355.00","--","--","55355.00","-17668.00","--","37687.00","55355.00","--","--","37687.00","--","--","2.14"
"115/06/06","114","2","6721","信實","1759687.00","1666483.00","--","--","93204.00","--","--","93204.00","28568.00","--","64636.00","5587.00","70223.00","14345.00","55878.00","--","--","55878.00","--","--","55878.00","55878.00","--","--","55878.00","--","--","2.48"
"115/06/06","114","2","6725","矽科宏晟","1683370.00","1339860.00","--","--","343510.00","--","--","343510.00","108499.00","--","235011.00","-65787.00","169224.00","49342.00","119882.00","--","--","119882.00","-15539.00","--","104343.00","119882.00","--","--","104343.00","--","--","3.63"
"115/06/06","114","2","6727","亞泰金屬","679889.00","512934.00","--","--","166955.00","--","--","166955.00","58857.00","--","108098.00","-32565.00","75533.00","17322.00","58211.00","--","--","58211.00","-12660.00","--","45551.00","58211.00","--","--","45551.00","--","--","2.17"
"115/06/06","114","2","6728","上洋","2417376.00","1596305.00","--","--","821071.00","--","--","821071.00","582266.00","--","238805.00","-20904.00","217901.00","43529.00","174372.00","--","--","174372.00","-260.00","--","174112.00","174372.00","--","--","174112.00","--","--","5.79"
"115/06/06","114","2","6730","常廣","237324.00","120999.00","--","--","116325.00","--","--","116325.00","71371.00","--","44954.00","-4063.00","40891.00","8178.00","32713.00","--","--","32713.00","-97.00","--","32616.00","32713.00","--","--","32616.00","--","--","1.02"
"115/06/06","114","2","6732","昇佳電子","2373791.00","1922302.00","--","--","451489.00","--","--","451489.00","332284.00","21.00","119226.00","58683.00","177909.00","13208.00","164701.00","--","--","164701.00","-12372.00","--","152329.00","--","--","--","--","--","--","3.37"
"115/06/06","114","2","6733","博晟生醫","100189.00","25690.00","--","--","74499.00","--","--","74499.00","144787.00","--","-70288.00","3728.00","-66560.00","-4198.00","-62362.00","--","--","-62362.00","-108.00","--","-62470.00","-56478.00","--","-5884.00","-56554.00","--","-5916.00","-0.46"
"115/06/06","114","2","6735","美達科技","127980.00","74855.00","--","--","53125.00","--","--","53125.00","63638.00","--","-10513.00","-20925.00","-31438.00","-5558.00","-25880.00","--","--","-25880.00","2428.00","--","-23452.00","-25880.00","--","--","-23452.00","--","--","-0.56"
"115/06/06","114","2","6739","竹陞科技","327513.00","119077.00","--","--","208436.00","--","--","208436.00","46149.00","--","162287.00","-4110.00","158177.00","25314.00","132863.00","--","--","132863.00","-3014.00","--","129849.00","132863.00","--","--","129849.00","--","--","5.73"
"115/06/06","114","2","6741","91APP*-KY","834477.00","228298.00","--","--","606179.00","--","--","606179.00","338076.00","--","268103.00","26248.00","294351.00","65803.00","228548.00","--","--","228548.00","-105292.00","--","123256.00","227952.00","--","596.00","123478.00","--","-222.00","1.97"
"115/06/06","114","2","6751","智聯服務","1035196.00","877978.00","--","--","157218.00","--","--","157218.00","111020.00","--","46198.00","3766.00","49964.00","10575.00","39389.00","--","--","39389.00","-8728.00","--","30661.00","17267.00","--","22122.00","9572.00","--","21089.00","0.78"
"115/06/06","114","2","6752","叡揚","945639.00","487186.00","--","--","458453.00","--","--","458453.00","331769.00","--","126684.00","34094.00","160778.00","31973.00","128805.00","--","--","128805.00","22.00","--","128827.00","128250.00","--","555.00","128272.00","--","555.00","3.64"
"115/06/06","114","2","6761","穩得","1068823.00","696502.00","--","--","372321.00","--","--","372321.00","204688.00","--","167633.00","-22310.00","145323.00","29840.00","115483.00","--","--","115483.00","-7266.00","--","108217.00","115483.00","--","--","108217.00","--","--","3.50"
"115/06/06","114","2","6762","達亞","358754.00","251936.00","--","--","106818.00","--","--","106818.00","62064.00","--","44754.00","-29014.00","15740.00","1971.00","13769.00","--","--","13769.00","--","--","13769.00","--","--","--","--","--","--","0.39"
"115/06/06","114","2","6763","綠界科技*","828309.00","477119.00","--","--","351190.00","--","--","351190.00","147916.00","--","203274.00","54406.00","257680.00","44593.00","213087.00","--","--","213087.00","-1403.00","--","211684.00","214111.00","--","-1024.00","212708.00","--","-1024.00","1.16"
"115/06/06","114","2","6767","台微醫","164241.00","36368.00","--","--","127873.00","--","--","127873.00","130849.00","--","-2976.00","419.00","-2557.00","-7.00","-2550.00","--","--","-2550.00","-328.00","--","-2878.00","-2550.00","--","--","-2878.00","--","--","-0.07"
"115/06/06","114","2","6785","昱展新藥","1253.00","350.00","--","--","903.00","--","--","903.00","56355.00","--","-55452.00","13157.00","-42295.00","-15143.00","-27152.00","--","--","-27152.00","--","--","-27152.00","--","--","--","--","--","--","-0.41"
"115/06/06","114","2","6788","華景電","1272304.00","509312.00","--","--","762992.00","--","--","762992.00","313003.00","--","449989.00","-29907.00","420082.00","119341.00","300741.00","--","--","300741.00","-69411.00","--","231330.00","304001.00","--","-3260.00","234590.00","--","-3260.00","7.85"
"115/06/06","114","2","6791","虎門科技","365313.00","215093.00","--","--","150220.00","--","--","150220.00","103829.00","--","46391.00","6804.00","53195.00","8137.00","45058.00","--","--","45058.00","0.00","--","45058.00","43337.00","--","1721.00","43337.00","--","1721.00","2.08"
"115/06/06","114","2","6803","崑鼎","4679125.00","3737902.00","--","--","941223.00","--","--","941223.00","77245.00","--","863978.00","50737.00","914715.00","173835.00","740880.00","--","--","740880.00","-126966.00","--","613914.00","642660.00","--","98220.00","531131.00","--","82783.00","8.87"
"115/06/06","114","2","6804","明係","738657.00","684109.00","--","--","54548.00","--","--","54548.00","43908.00","--","10640.00","-49145.00","-38505.00","3387.00","-41892.00","--","--","-41892.00","-41114.00","--","-83006.00","-41892.00","--","--","-83006.00","--","--","-1.20"
"115/06/06","114","2","6811","宏�硌穈T","5103222.00","4473584.00","--","--","629638.00","--","--","629638.00","216783.00","--","412855.00","-10022.00","402833.00","83408.00","319425.00","--","--","319425.00","-6856.00","--","312569.00","319425.00","--","--","312569.00","--","--","7.71"
"115/06/06","114","2","6821","聯寶","306936.00","196700.00","--","--","110236.00","--","--","110236.00","82485.00","--","27751.00","-12138.00","15613.00","3694.00","11919.00","--","--","11919.00","-18124.00","--","-6205.00","11919.00","--","--","-6205.00","--","--","0.38"
"115/06/06","114","2","6823","濾能","262659.00","198222.00","--","--","64437.00","--","--","64437.00","76817.00","--","-12380.00","-20278.00","-32658.00","714.00","-33372.00","--","--","-33372.00","-17730.00","--","-51102.00","-25776.00","--","-7596.00","-43506.00","--","-7596.00","-0.93"
"115/06/06","114","2","6829","千附精密","818670.00","564460.00","--","--","254210.00","--","--","254210.00","96364.00","--","157846.00","-41132.00","116714.00","21537.00","95177.00","--","--","95177.00","--","--","95177.00","--","--","--","--","--","--","1.61"
"115/06/06","114","2","6840","東研信超","436497.00","249669.00","--","--","186828.00","--","--","186828.00","154118.00","--","32710.00","-18445.00","14265.00","172.00","14093.00","--","--","14093.00","-34283.00","--","-20190.00","14093.00","--","--","-20190.00","--","--","0.47"
"115/06/06","114","2","6841","長佳智能","163291.00","68887.00","--","--","94404.00","--","--","94404.00","83482.00","--","10922.00","40397.00","51319.00","6794.00","44525.00","--","--","44525.00","--","--","44525.00","31518.00","--","13007.00","31518.00","--","13007.00","0.33"
"115/06/06","114","2","6843","進典","368221.00","233802.00","--","--","134419.00","--","--","134419.00","84332.00","--","50087.00","-8873.00","41214.00","10196.00","31018.00","--","--","31018.00","-20857.00","--","10161.00","31048.00","--","-30.00","10174.00","--","-13.00","0.93"
"115/06/06","114","2","6844","諾貝兒","1732797.00","1150860.00","--","--","581937.00","--","--","581937.00","545945.00","--","35992.00","13750.00","49742.00","8976.00","40766.00","--","--","40766.00","--","--","40766.00","--","--","--","--","--","--","1.09"
"115/06/06","114","2","6846","綠茵","441540.00","231723.00","--","--","209817.00","--","--","209817.00","117764.00","--","92053.00","-10288.00","81765.00","17440.00","64325.00","--","--","64325.00","-249.00","--","64076.00","64325.00","--","--","64076.00","--","--","2.38"
"115/06/06","114","2","6855","數泓科","351063.00","173882.00","--","--","177181.00","--","--","177181.00","42950.00","--","134231.00","-67995.00","66236.00","17427.00","48809.00","--","--","48809.00","--","--","48809.00","--","--","--","--","--","--","2.10"
"115/06/06","114","2","6856","鑫傳","346688.00","107461.00","--","--","239227.00","--","--","239227.00","193216.00","--","46011.00","-14186.00","31825.00","12856.00","18969.00","--","--","18969.00","--","--","18969.00","24256.00","--","-5287.00","24256.00","--","-5287.00","0.86"
"115/06/06","114","2","6859","伯特光","580845.00","382997.00","--","--","197848.00","--","--","197848.00","50902.00","--","146946.00","-93085.00","53861.00","10793.00","43068.00","--","--","43068.00","-1330.00","--","41738.00","43068.00","--","--","41738.00","--","--","1.04"
"115/06/06","114","2","6865","偉康科技","228423.00","137300.00","--","--","91123.00","--","--","91123.00","77434.00","--","13689.00","3081.00","16770.00","2912.00","13858.00","--","--","13858.00","-93.00","--","13765.00","--","--","--","--","--","--","0.88"
"115/06/06","114","2","6870","騰雲","318150.00","98556.00","--","--","219594.00","--","--","219594.00","173379.00","1.00","46216.00","-10970.00","35246.00","4605.00","30641.00","--","--","30641.00","-21514.00","--","9127.00","34370.00","--","-3729.00","12825.00","--","-3698.00","1.50"
"115/06/06","114","2","6872","浩宇生醫","4736.00","7259.00","--","--","-2523.00","--","--","-2523.00","70219.00","--","-72742.00","2670.00","-70072.00","--","-70072.00","--","--","-70072.00","-1879.00","--","-71951.00","-70688.00","--","616.00","-71998.00","--","47.00","-1.04"
"115/06/06","114","2","6874","倍力","891042.00","766245.00","--","--","124797.00","--","--","124797.00","62533.00","--","62264.00","-5803.00","56461.00","11801.00","44660.00","--","--","44660.00","--","--","44660.00","--","--","--","--","--","--","2.03"
"115/06/06","114","2","6875","國邑*","15678.00","12905.00","--","--","2773.00","--","--","2773.00","203985.00","--","-201212.00","-25607.00","-226819.00","0.00","-226819.00","--","--","-226819.00","-18.00","--","-226837.00","-226819.00","--","--","-226837.00","--","--","-1.76"
"115/06/06","114","2","6877","鏵友益","245437.00","149457.00","--","--","95980.00","--","--","95980.00","102059.00","--","-6079.00","20603.00","14524.00","4684.00","9840.00","--","--","9840.00","-12856.00","--","-3016.00","9840.00","--","--","-3016.00","--","--","0.23"
"115/06/06","114","2","6881","潤德","1187008.00","961992.00","--","--","225016.00","--","--","225016.00","70182.00","--","154834.00","4757.00","159591.00","31959.00","127632.00","--","--","127632.00","-44186.00","--","83446.00","--","--","--","--","--","--","8.51"
"115/06/06","114","2","6884","海柏特","567200.00","446093.00","--","--","121107.00","--","--","121107.00","99881.00","--","21226.00","514.00","21740.00","7511.00","14229.00","--","--","14229.00","-21164.00","--","-6935.00","14177.00","--","52.00","-6924.00","--","-11.00","0.87"
"115/06/06","114","2","6894","衛司特","666308.00","435902.00","--","--","230406.00","--","--","230406.00","59899.00","--","170507.00","-1481.00","169026.00","47008.00","122018.00","--","--","122018.00","-36530.00","--","85488.00","117185.00","--","4833.00","84990.00","--","498.00","4.92"
"115/06/06","114","2","6895","宏碩系統","290462.00","180422.00","--","--","110040.00","--","--","110040.00","57859.00","--","52181.00","-7850.00","44331.00","9238.00","35093.00","--","--","35093.00","--","--","35093.00","--","--","--","--","--","--","1.03"
"115/06/06","114","2","6899","創為精密","572289.00","333306.00","--","--","238983.00","--","--","238983.00","117752.00","--","121231.00","-39969.00","81262.00","22780.00","58482.00","--","--","58482.00","-11557.00","--","46925.00","58620.00","--","-138.00","47063.00","--","-138.00","1.39"
"115/06/06","114","2","6903","巨漢","1068950.00","779554.00","--","--","289396.00","--","--","289396.00","63371.00","--","226025.00","6583.00","232608.00","46616.00","185992.00","--","--","185992.00","--","--","185992.00","--","--","--","--","--","--","2.79"
"115/06/06","114","2","6904","伯鑫","446138.00","299418.00","--","--","146720.00","--","--","146720.00","48932.00","--","97788.00","-53466.00","44322.00","20073.00","24249.00","--","--","24249.00","-10794.00","--","13455.00","24249.00","--","--","13455.00","--","--","1.31"
"115/06/06","114","2","6907","雅特力-KY","850222.00","561325.00","--","--","288897.00","--","--","288897.00","237812.00","--","51085.00","959.00","52044.00","14083.00","37961.00","--","--","37961.00","-71509.00","--","-33548.00","37961.00","--","--","-33548.00","--","--","0.74"
"115/06/06","114","2","6910","德鴻","171733.00","77241.00","--","--","94492.00","--","--","94492.00","67405.00","--","27087.00","3706.00","30793.00","5660.00","25133.00","--","--","25133.00","-5495.00","--","19638.00","25133.00","--","--","19638.00","--","--","0.93"
"115/06/06","114","2","6913","鴻呈","1226506.00","887607.00","--","--","338899.00","--","--","338899.00","208962.00","--","129937.00","-20535.00","109402.00","22242.00","87160.00","--","--","87160.00","-83229.00","--","3931.00","80757.00","--","6403.00","2829.00","--","1102.00","1.85"
"115/06/06","114","2","6922","宸曜","837535.00","489117.00","--","--","348418.00","--","--","348418.00","209614.00","--","138804.00","-34117.00","104687.00","25162.00","79525.00","--","--","79525.00","-20508.00","--","59017.00","79525.00","--","--","59017.00","--","--","3.09"
"115/06/06","114","2","6925","意藍","93191.00","17903.00","--","--","75288.00","--","--","75288.00","50122.00","--","25166.00","1817.00","26983.00","4212.00","22771.00","--","--","22771.00","--","--","22771.00","--","--","--","--","--","--","1.26"
"115/06/06","114","2","6929","佑全","1614712.00","1070897.00","--","--","543815.00","--","--","543815.00","559944.00","--","-16129.00","-2956.00","-19085.00","0.00","-19085.00","--","--","-19085.00","--","--","-19085.00","--","--","--","--","--","--","-0.42"
"115/06/06","114","2","6945","圓祥生技","0.00","0.00","--","--","0.00","--","--","0.00","198634.00","--","-198634.00","917.00","-197717.00","0.00","-197717.00","--","--","-197717.00","-249.00","--","-197966.00","-197717.00","--","--","-197966.00","--","--","-2.32"
"115/06/06","114","2","6953","家碩","592002.00","331408.00","--","--","260594.00","--","--","260594.00","157203.00","--","103391.00","4584.00","107975.00","12669.00","95306.00","--","--","95306.00","-5335.00","--","89971.00","95306.00","--","--","89971.00","--","--","3.18"
"115/06/06","114","2","6961","旅天下","2197332.00","1839015.00","--","--","358317.00","--","--","358317.00","268214.00","--","90103.00","9481.00","99584.00","20132.00","79452.00","-578.00","--","78874.00","12919.00","--","91793.00","79086.00","--","-212.00","92005.00","--","-212.00","3.35"
"115/06/06","114","2","6967","汎瑋材料","638779.00","473507.00","--","--","165272.00","--","--","165272.00","106546.00","--","58726.00","552.00","59278.00","23868.00","35410.00","--","--","35410.00","-45267.00","--","-9857.00","35410.00","--","--","-9857.00","--","--","1.43"
"115/06/06","114","2","6968","萬達寵物","1572277.00","917372.00","--","--","654905.00","--","--","654905.00","572861.00","--","82044.00","-13432.00","68612.00","5437.00","63175.00","--","--","63175.00","0.00","--","63175.00","63118.00","--","57.00","63118.00","--","57.00","1.42"
"115/06/06","114","2","6971","惠民實業","1081391.00","981533.00","--","--","99858.00","--","--","99858.00","40971.00","--","58887.00","-23409.00","35478.00","5623.00","29855.00","--","--","29855.00","1019.00","--","30874.00","29855.00","--","--","30874.00","--","--","0.85"
"115/06/06","114","2","6982","大井泵浦","852729.00","622147.00","--","--","230582.00","--","--","230582.00","175265.00","--","55317.00","-17407.00","37910.00","4359.00","33551.00","--","--","33551.00","-7207.00","--","26344.00","33551.00","--","--","26344.00","--","--","0.83"
"115/06/06","114","2","6983","華洋精機","99209.00","31859.00","--","--","67350.00","--","--","67350.00","41550.00","--","25800.00","-5360.00","20440.00","5228.00","15212.00","--","--","15212.00","--","--","15212.00","--","--","--","--","--","--","0.96"
"115/06/06","114","2","6996","力領科技","1240948.00","766950.00","--","--","473998.00","--","--","473998.00","270395.00","350.00","203953.00","10178.00","214131.00","13280.00","200851.00","--","--","200851.00","1879.00","--","202730.00","--","--","--","--","--","--","4.83"
"115/06/06","114","2","6997","博弘","2086471.00","1871579.00","--","--","214892.00","--","--","214892.00","157674.00","--","57218.00","5199.00","62417.00","13164.00","49253.00","--","--","49253.00","-14174.00","--","35079.00","49253.00","--","--","35079.00","--","--","2.23"
"115/06/06","114","2","7402","邑錡","279115.00","180784.00","--","--","98331.00","--","--","98331.00","74559.00","--","23772.00","-31229.00","-7457.00","-1905.00","-5552.00","--","--","-5552.00","0.00","--","-5552.00","--","--","--","--","--","--","-0.16"
"115/06/06","114","2","7547","碩網","144078.00","61380.00","--","--","82698.00","--","--","82698.00","42634.00","--","40064.00","-2878.00","37186.00","8087.00","29099.00","--","--","29099.00","-4193.00","--","24906.00","29099.00","--","--","24906.00","--","--","1.00"
"115/06/06","114","2","7556","意德士科技","383104.00","239598.00","--","--","143506.00","--","--","143506.00","57292.00","--","86214.00","30912.00","117126.00","14584.00","102542.00","--","--","102542.00","-8161.00","--","94381.00","102542.00","--","0.00","94844.00","--","-463.00","3.87"
"115/06/06","114","2","7584","樂意","527435.00","299432.00","--","--","228003.00","--","--","228003.00","197964.00","--","30039.00","-17132.00","12907.00","3652.00","9255.00","--","--","9255.00","3367.00","--","12622.00","9773.00","0.00","-518.00","13060.00","0.00","-438.00","0.59"
"115/06/06","114","2","7642","昶瑞機電","462691.00","332250.00","--","--","130441.00","--","--","130441.00","47902.00","--","82539.00","-9538.00","73001.00","14805.00","58196.00","--","--","58196.00","--","--","58196.00","--","--","--","--","--","--","2.13"
"115/06/06","114","2","7703","銳澤","1177169.00","895406.00","--","--","281763.00","--","--","281763.00","82028.00","--","199735.00","-1776.00","197959.00","31214.00","166745.00","--","--","166745.00","-742.00","--","166003.00","166745.00","--","--","166003.00","--","--","4.80"
"115/06/06","114","2","7704","明遠精密","342751.00","234748.00","--","--","108003.00","--","--","108003.00","77361.00","0.00","30642.00","-5339.00","25303.00","-1034.00","26337.00","0.00","--","26337.00","-12706.00","--","13631.00","26337.00","--","0.00","13631.00","--","0.00","0.78"
"115/06/06","114","2","7708","全家餐飲","1304339.00","668951.00","--","--","635388.00","--","--","635388.00","527785.00","--","107603.00","-3627.00","103976.00","25181.00","78795.00","--","--","78795.00","-1907.00","--","76888.00","78795.00","--","--","76888.00","--","--","3.09"
"115/06/06","114","2","7709","榮田","449958.00","319741.00","--","--","130217.00","--","--","130217.00","92459.00","--","37758.00","-10534.00","27224.00","10455.00","16769.00","--","--","16769.00","--","--","16769.00","--","--","--","--","--","--","0.44"
"115/06/06","114","2","7712","博盛半導體","683092.00","466814.00","--","--","216278.00","--","--","216278.00","105806.00","--","110472.00","-25927.00","84545.00","20493.00","64052.00","--","--","64052.00","-1042.00","--","63010.00","64052.00","--","--","63010.00","--","--","1.97"
"115/06/06","114","2","7713","威力德生醫","518219.00","351811.00","--","--","166408.00","--","--","166408.00","54058.00","--","112350.00","1322.00","113672.00","22683.00","90989.00","--","--","90989.00","--","--","90989.00","90989.00","--","--","90989.00","--","--","2.05"
"115/06/06","114","2","7714","創泓科技","835341.00","689224.00","--","--","146117.00","--","--","146117.00","85507.00","--","60610.00","6653.00","67263.00","13640.00","53623.00","--","--","53623.00","6663.00","--","60286.00","53623.00","--","--","60286.00","--","--","2.57"
"115/06/06","114","2","7715","裕山","779554.00","610513.00","--","--","169041.00","--","--","169041.00","86128.00","--","82913.00","6442.00","89355.00","13836.00","75519.00","--","--","75519.00","-2143.00","--","73376.00","75519.00","--","--","73376.00","--","--","2.30"
"115/06/06","114","2","7716","昱臺國際","1051394.00","840959.00","--","--","210435.00","--","--","210435.00","169656.00","--","40779.00","-1935.00","38844.00","11151.00","27693.00","--","--","27693.00","-32818.00","--","-5125.00","27397.00","--","296.00","-5066.00","--","-59.00","1.37"
"115/06/06","114","2","7717","萊德光電-KY","473664.00","183847.00","--","--","289817.00","--","--","289817.00","184743.00","--","105074.00","-6620.00","98454.00","29900.00","68554.00","--","--","68554.00","-55422.00","--","13132.00","67527.00","--","1027.00","12517.00","--","615.00","3.13"
"115/06/06","114","2","7718","友鋮","1211368.00","996458.00","--","--","214910.00","--","--","214910.00","124421.00","--","90489.00","-48226.00","42263.00","13128.00","29135.00","--","--","29135.00","-2885.00","--","26250.00","29135.00","--","--","26250.00","--","0.00","0.66"
"115/06/06","114","2","7723","築間","2543283.00","1369724.00","--","--","1173559.00","--","--","1173559.00","1186641.00","--","-13082.00","-45174.00","-58256.00","-8281.00","-49975.00","--","--","-49975.00","-3638.00","--","-53613.00","-47324.00","--","-2651.00","-51159.00","--","-2454.00","-0.99"
"115/06/06","114","2","7728","光焱科技","163574.00","61460.00","--","--","102114.00","--","--","102114.00","77635.00","--","24479.00","-4057.00","20422.00","4451.00","15971.00","0.00","--","15971.00","-1319.00","--","14652.00","15971.00","--","--","14652.00","--","--","1.20"
"115/06/06","114","2","7734","印能科技","1097367.00","347446.00","--","--","749921.00","--","--","749921.00","147472.00","--","602449.00","-97288.00","505161.00","114026.00","391135.00","--","--","391135.00","-22920.00","--","368215.00","386751.00","--","4384.00","365134.00","--","3081.00","14.30"
"115/06/06","114","2","7738","東聯互動","266682.00","123394.00","--","--","143288.00","--","--","143288.00","93273.00","194623.00","244638.00","-7481.00","237157.00","53756.00","183401.00","--","--","183401.00","-991.00","--","182410.00","183401.00","--","--","182410.00","--","--","7.38"
"115/06/06","114","2","7743","金利食安","302148.00","205953.00","--","--","96195.00","--","--","96195.00","77721.00","--","18474.00","-14077.00","4397.00","3343.00","1054.00","--","--","1054.00","--","--","1054.00","1054.00","--","--","1054.00","--","--","0.03"
"115/06/06","114","2","7744","崴寶","1063866.00","648967.00","--","--","414899.00","--","--","414899.00","123508.00","--","291391.00","-17208.00","274183.00","66975.00","207208.00","--","--","207208.00","-114077.00","--","93131.00","207208.00","--","--","93131.00","--","--","7.22"
"115/06/06","114","2","7747","昕奇雲端","814475.00","691146.00","--","--","123329.00","--","--","123329.00","56767.00","--","66562.00","-2180.00","64382.00","8050.00","56332.00","--","--","56332.00","-5665.00","--","50667.00","51507.00","--","4825.00","45842.00","--","4825.00","2.18"
"115/06/06","114","2","7751","竑騰","804689.00","369420.00","--","--","435269.00","--","--","435269.00","171331.00","--","263938.00","-10233.00","253705.00","55054.00","198651.00","--","--","198651.00","-2314.00","--","196337.00","197410.00","--","1241.00","195439.00","--","898.00","8.09"
"115/06/06","114","2","7753","星亞","428838.00","273936.00","--","--","154902.00","--","--","154902.00","79746.00","--","75156.00","-17451.00","57705.00","13510.00","44195.00","--","--","44195.00","--","--","44195.00","--","--","--","--","--","--","2.00"
"115/06/06","114","2","7757","金色三麥","1091670.00","506708.00","--","--","584962.00","--","--","584962.00","482272.00","--","102690.00","-2928.00","99762.00","15907.00","83855.00","--","--","83855.00","1008.00","--","84863.00","83263.00","--","592.00","84271.00","--","592.00","3.80"
"115/06/06","114","2","7767","仁大資訊","1174242.00","1025712.00","--","--","148530.00","--","--","148530.00","91636.00","--","56894.00","-1872.00","55022.00","10150.00","44872.00","--","--","44872.00","-3952.00","--","40920.00","44872.00","--","0.00","40920.00","--","0.00","1.69"
"115/06/06","114","2","7770","君曜","237125.00","149557.00","--","--","87568.00","--","--","87568.00","38131.00","--","49437.00","-35797.00","13640.00","-1839.00","15479.00","--","--","15479.00","-26.00","--","15453.00","15479.00","--","--","15453.00","--","--","0.57"
"115/06/06","114","2","7772","耀穎","223860.00","138719.00","--","--","85141.00","--","--","85141.00","38857.00","--","46284.00","-15232.00","31052.00","2636.00","28416.00","--","--","28416.00","--","--","28416.00","--","--","--","--","--","--","1.18"
"115/06/06","114","2","7777","能率亞洲","45838.00","--","--","--","45838.00","--","--","45838.00","14357.00","--","31481.00","-6772.00","24709.00","3215.00","21494.00","--","--","21494.00","-102548.00","--","-81054.00","--","--","--","--","--","--","0.13"
"115/06/06","114","2","7782","光速火箭","344144.00","106436.00","--","--","237708.00","--","--","237708.00","209586.00","--","28122.00","-6766.00","21356.00","4583.00","16773.00","--","--","16773.00","--","--","16773.00","16773.00","--","--","16773.00","--","--","0.79"
"115/06/06","114","2","7792","安葆","2683902.00","2336258.00","--","--","347644.00","--","--","347644.00","122380.00","--","225264.00","-7153.00","218111.00","45918.00","172193.00","--","--","172193.00","-35080.00","--","137113.00","172193.00","--","--","137113.00","--","--","4.04"
"115/06/06","114","2","7794","宏�硒撥s","445842.00","330066.00","--","--","115776.00","--","--","115776.00","74389.00","--","41387.00","1925.00","43312.00","8592.00","34720.00","--","--","34720.00","-9271.00","--","25449.00","34720.00","0.00","0.00","25449.00","0.00","0.00","1.39"
"115/06/06","114","2","7805","威聯通","3096269.00","1403054.00","--","--","1693215.00","--","--","1693215.00","996869.00","--","696346.00","11494.00","707840.00","158776.00","549064.00","--","--","549064.00","-77370.00","--","471694.00","549064.00","--","--","471694.00","--","--","18.19"
"115/06/06","114","2","7810","捷創科技","248180.00","126258.00","--","--","121922.00","--","--","121922.00","78872.00","--","43050.00","5249.00","48299.00","8846.00","39453.00","--","--","39453.00","-2863.00","--","36590.00","--","--","--","--","--","--","2.19"
"115/06/06","114","2","7811","民盛","1515790.00","1127294.00","--","--","388496.00","--","--","388496.00","198529.00","--","189967.00","-57939.00","132028.00","26582.00","105446.00","--","--","105446.00","-44472.00","--","60974.00","105446.00","--","0.00","60974.00","--","0.00","3.47"
"115/06/06","114","2","7819","精誠金融","252835.00","132163.00","--","--","120672.00","--","--","120672.00","82763.00","--","37909.00","565.00","38474.00","7660.00","30814.00","--","--","30814.00","--","--","30814.00","--","--","--","--","--","--","1.40"
"115/06/06","114","2","7820","立盈","133803.00","59039.00","--","--","74764.00","--","--","74764.00","31923.00","--","42841.00","-4633.00","38208.00","7581.00","30627.00","--","--","30627.00","--","--","30627.00","--","--","--","--","--","--","0.99"
"115/06/06","114","2","7828","創新服務","164841.00","56377.00","--","--","108464.00","--","--","108464.00","86038.00","--","22426.00","-17563.00","4863.00","3866.00","997.00","--","--","997.00","-710.00","--","287.00","997.00","--","--","287.00","--","--","0.03"
"115/06/06","114","2","7842","天能綠電","1052595.00","997534.00","--","--","55061.00","--","--","55061.00","16710.00","--","38351.00","933.00","39284.00","8135.00","31149.00","--","--","31149.00","--","--","31149.00","--","--","--","--","--","--","2.10"
"115/06/06","114","2","8024","佑華","91020.00","74602.00","--","--","16418.00","--","--","16418.00","71259.00","--","-54841.00","-8661.00","-63502.00","-54.00","-63448.00","--","--","-63448.00","-7018.00","--","-70466.00","-63448.00","--","--","-70466.00","--","--","-1.41"
"115/06/06","114","2","8027","鈦昇","689431.00","455061.00","--","--","234370.00","--","--","234370.00","354281.00","--","-119911.00","-83816.00","-203727.00","-20678.00","-183049.00","--","--","-183049.00","-25357.00","--","-208406.00","-179629.00","--","-3420.00","-204986.00","--","-3420.00","-1.71"
"115/06/06","114","2","8032","光菱","1736476.00","1483881.00","--","--","252595.00","--","--","252595.00","159578.00","--","93017.00","-50205.00","42812.00","18812.00","24000.00","--","--","24000.00","-294852.00","--","-270852.00","23936.00","--","64.00","-270442.00","--","-410.00","0.46"
"115/06/06","114","2","8034","榮群","189944.00","93745.00","--","--","96199.00","--","--","96199.00","59426.00","--","36773.00","3085.00","39858.00","11629.00","28229.00","--","--","28229.00","--","--","28229.00","28229.00","--","--","28229.00","--","--","0.50"
"115/06/06","114","2","8038","長園科","200863.00","130970.00","--","--","69893.00","--","--","69893.00","66651.00","--","3242.00","-596.00","2646.00","0.00","2646.00","--","--","2646.00","--","--","2646.00","7522.00","--","-4876.00","7522.00","--","-4876.00","0.12"
"115/06/06","114","2","8040","九暘","331933.00","193743.00","--","--","138190.00","--","--","138190.00","182212.00","--","-44022.00","14155.00","-29867.00","0.00","-29867.00","--","--","-29867.00","--","--","-29867.00","--","--","--","--","--","--","-0.31"
"115/06/06","114","2","8042","金山電","1749359.00","1423786.00","--","--","325573.00","--","--","325573.00","276445.00","--","49128.00","-35876.00","13252.00","19998.00","-6746.00","--","--","-6746.00","-535900.00","--","-542646.00","-7226.00","--","480.00","-538325.00","--","-4321.00","-0.06"
"115/06/06","114","2","8043","蜜望實","2272261.00","2191407.00","--","--","80854.00","--","--","80854.00","95315.00","--","-14461.00","-51586.00","-66047.00","-5125.00","-60922.00","--","--","-60922.00","-62893.00","--","-123815.00","-60922.00","--","--","-123815.00","--","--","-0.76"
"115/06/06","114","2","8044","網家","17349727.00","15030628.00","--","--","2319099.00","--","--","2319099.00","2513060.00","--","-193961.00","-5960.00","-199921.00","90483.00","-290404.00","--","--","-290404.00","2151.00","--","-288253.00","-369908.00","--","79504.00","-385967.00","--","97714.00","-1.89"
"115/06/06","114","2","8047","星雲","231518.00","150740.00","--","--","80778.00","--","--","80778.00","93866.00","--","-13088.00","9779.00","-3309.00","3170.00","-6479.00","--","--","-6479.00","-38903.00","--","-45382.00","-6479.00","--","--","-45382.00","--","--","-0.16"
"115/06/06","114","2","8048","德勝","468726.00","320116.00","--","--","148610.00","--","--","148610.00","86076.00","--","62534.00","-9070.00","53464.00","10416.00","43048.00","--","--","43048.00","7764.00","--","50812.00","43048.00","--","--","50812.00","--","--","0.75"
"115/06/06","114","2","8049","晶采","645719.00","462794.00","--","--","182925.00","--","--","182925.00","82089.00","--","100836.00","10467.00","111303.00","20120.00","91183.00","--","--","91183.00","-54403.00","--","36780.00","91183.00","--","--","36780.00","--","--","0.77"
"115/06/06","114","2","8050","廣積","3048611.00","2361210.00","--","--","687401.00","--","--","687401.00","595941.00","--","91460.00","-106870.00","-15410.00","20078.00","-35488.00","--","--","-35488.00","-256493.00","--","-291981.00","68283.00","--","-103771.00","-188107.00","--","-103874.00","0.47"
"115/06/06","114","2","8054","安國","1005982.00","658347.00","--","--","347635.00","--","0.00","347635.00","659695.00","--","-312060.00","252004.00","-60056.00","-757.00","-59299.00","--","--","-59299.00","-97675.00","--","-156974.00","-138939.00","--","79640.00","-214055.00","--","57081.00","-1.36"
"115/06/06","114","2","8059","凱碩","1748281.00","1708726.00","--","--","39555.00","--","--","39555.00","322120.00","--","-282565.00","-87828.00","-370393.00","16401.00","-386794.00","--","--","-386794.00","-159749.00","--","-546543.00","-373259.00","--","-13535.00","-504358.00","--","-42185.00","-1.93"
"115/06/06","114","2","8064","東捷","1030884.00","904041.00","--","--","126843.00","--","--","126843.00","238640.00","--","-111797.00","-23376.00","-135173.00","-14140.00","-121033.00","--","--","-121033.00","-52171.00","--","-173204.00","-133647.00","--","12614.00","-183902.00","--","10698.00","-0.81"
"115/06/06","114","2","8066","來思達","2231960.00","2007941.00","--","--","224019.00","--","--","224019.00","256559.00","--","-32540.00","-13793.00","-46333.00","-11895.00","-34438.00","--","--","-34438.00","-74559.00","--","-108997.00","-34739.00","--","301.00","-101681.00","--","-7316.00","-1.17"
"115/06/06","114","2","8067","志旭","56819.00","34389.00","--","--","22430.00","--","--","22430.00","38239.00","--","-15809.00","-710.00","-16519.00","0.00","-16519.00","--","--","-16519.00","-6713.00","--","-23232.00","-16519.00","--","0.00","-23232.00","--","0.00","-0.80"
"115/06/06","114","2","8068","全達","399999.00","380898.00","--","--","19101.00","0.00","0.00","19101.00","71455.00","0.00","-52354.00","147273.00","94919.00","749.00","94170.00","0.00","--","94170.00","-29439.00","--","64731.00","102461.00","--","-8291.00","73281.00","--","-8550.00","1.27"
"115/06/06","114","2","8069","元太","18684959.00","8071380.00","--","--","10613579.00","--","--","10613579.00","4264304.00","--","6349275.00","-152739.00","6196536.00","1038787.00","5157749.00","--","--","5157749.00","1243745.00","--","6401494.00","5168644.00","--","-10895.00","6378144.00","--","23350.00","4.50"
"115/06/06","114","2","8071","能率網通","984397.00","829249.00","--","--","155148.00","0.00","0.00","155148.00","198043.00","--","-42895.00","-16074.00","-58969.00","20643.00","-79612.00","--","--","-79612.00","-80680.00","--","-160292.00","-72152.00","0.00","-7460.00","-149717.00","0.00","-10575.00","-1.29"
"115/06/06","114","2","8074","鉅橡","644284.00","508865.00","--","--","135419.00","--","--","135419.00","80369.00","-169.00","54881.00","-19122.00","35759.00","4535.00","31224.00","--","--","31224.00","-13814.00","--","17410.00","27619.00","--","3605.00","12848.00","--","4562.00","0.34"
"115/06/06","114","2","8076","伍豐","949601.00","612452.00","--","--","337149.00","446.00","781.00","337484.00","287643.00","--","49841.00","92635.00","142476.00","43674.00","98802.00","--","--","98802.00","-144489.00","--","-45687.00","98142.00","--","660.00","-46158.00","--","471.00","0.34"
"115/06/06","114","2","8077","洛��","522065.00","371480.00","--","--","150585.00","--","--","150585.00","67670.00","--","82915.00","-22157.00","60758.00","5370.00","55388.00","--","--","55388.00","--","--","55388.00","--","--","--","--","--","--","2.52"
"115/06/06","114","2","8080","泰霖","109180.00","82778.00","--","--","26402.00","--","--","26402.00","14782.00","--","11620.00","5240.00","16860.00","640.00","16220.00","--","--","16220.00","-2989.00","--","13231.00","16220.00","--","0.00","13231.00","--","0.00","0.26"
"115/06/06","114","2","8083","瑞穎","753773.00","439985.00","--","--","313788.00","--","--","313788.00","82148.00","--","231640.00","-24234.00","207406.00","41523.00","165883.00","--","--","165883.00","--","--","165883.00","--","--","--","--","--","--","4.72"
"115/06/06","114","2","8084","巨虹","308936.00","163456.00","--","--","145480.00","--","--","145480.00","143136.00","--","2344.00","-22356.00","-20012.00","3374.00","-23386.00","--","--","-23386.00","-500.00","--","-23886.00","-24934.00","--","1548.00","-25434.00","--","1548.00","-0.36"
"115/06/06","114","2","8085","福華","322410.00","298938.00","--","--","23472.00","--","--","23472.00","54998.00","--","-31526.00","-66038.00","-97564.00","1135.00","-98699.00","--","--","-98699.00","-252083.00","--","-350782.00","-98699.00","--","--","-350782.00","--","--","-0.71"
"115/06/06","114","2","8086","宏捷科","1746180.00","1352576.00","--","--","393604.00","--","--","393604.00","156176.00","--","237428.00","-23980.00","213448.00","31973.00","181475.00","--","--","181475.00","--","--","181475.00","--","--","--","--","--","--","0.92"
"115/06/06","114","2","8087","麗升能源","128919.00","107226.00","--","--","21693.00","--","--","21693.00","50823.00","--","-29130.00","848.00","-28282.00","655.00","-28937.00","--","--","-28937.00","0.00","--","-28937.00","-28937.00","--","0.00","-28937.00","--","0.00","-0.76"
"115/06/06","114","2","8088","品安","604090.00","573102.00","--","--","30988.00","--","--","30988.00","27554.00","--","3434.00","-12722.00","-9288.00","0.00","-9288.00","--","--","-9288.00","-3653.00","--","-12941.00","--","--","--","--","--","--","-0.15"
"115/06/06","114","2","8089","康全電訊","559565.00","353351.00","--","--","206214.00","--","--","206214.00","238898.00","--","-32684.00","-47625.00","-80309.00","20537.00","-100846.00","--","--","-100846.00","-45023.00","--","-145869.00","-100846.00","--","--","-145869.00","--","--","-1.53"
"115/06/06","114","2","8091","翔名","1022993.00","672595.00","--","--","350398.00","--","--","350398.00","179557.00","--","170841.00","-27501.00","143340.00","42099.00","101241.00","--","--","101241.00","-50756.00","--","50485.00","101692.00","--","-451.00","51002.00","--","-517.00","1.94"
"115/06/06","114","2","8092","建暐","136031.00","117398.00","--","--","18633.00","--","--","18633.00","39826.00","--","-21193.00","-3147.00","-24340.00","0.00","-24340.00","--","--","-24340.00","534.00","--","-23806.00","-24339.00","--","-1.00","-23805.00","--","-1.00","-0.43"
"115/06/06","114","2","8093","保銳","92719.00","65823.00","--","--","26896.00","--","--","26896.00","65102.00","--","-38206.00","37715.00","-491.00","49.00","-540.00","--","--","-540.00","-6412.00","--","-6952.00","-539.00","--","-1.00","-6951.00","--","-1.00","-0.01"
"115/06/06","114","2","8096","擎亞","21364408.00","20487212.00","--","--","877196.00","--","--","877196.00","528921.00","--","348275.00","-202393.00","145882.00","59552.00","86330.00","--","--","86330.00","-164625.00","--","-78295.00","86330.00","--","0.00","-78295.00","--","0.00","0.58"
"115/06/06","114","2","8097","常珵","203328.00","148742.00","--","--","54586.00","0.00","0.00","54586.00","64016.00","--","-9430.00","-44930.00","-54360.00","623.00","-54983.00","--","--","-54983.00","5226.00","--","-49757.00","-54983.00","--","--","-49757.00","--","--","-0.86"
"115/06/06","114","2","8099","大世科","1906402.00","1457261.00","--","--","449141.00","--","--","449141.00","342733.00","--","106408.00","-4188.00","102220.00","20385.00","81835.00","--","--","81835.00","-151.00","--","81684.00","81835.00","--","--","81684.00","--","--","0.92"
"115/06/06","114","2","8102","傑霖科技","218884.00","135153.00","--","--","83731.00","--","--","83731.00","47179.00","--","36552.00","-9964.00","26588.00","4847.00","21741.00","--","--","21741.00","-1340.00","--","20401.00","21741.00","--","--","20401.00","--","--","1.02"
"115/06/06","114","2","8107","大億金茂","501383.00","369952.00","--","--","131431.00","--","--","131431.00","109626.00","--","21805.00","-69382.00","-47577.00","7903.00","-55480.00","--","--","-55480.00","-72687.00","--","-128167.00","-55484.00","--","4.00","-128171.00","--","4.00","-0.74"
"115/06/06","114","2","8109","博大","828279.00","424340.00","--","--","403939.00","--","--","403939.00","124334.00","--","279605.00","-15650.00","263955.00","52237.00","211718.00","--","--","211718.00","-56163.00","--","155555.00","211718.00","--","--","155555.00","--","--","2.58"
"115/06/06","114","2","8111","立��","411436.00","283199.00","--","--","128237.00","--","--","128237.00","105510.00","0.00","22727.00","-67266.00","-44539.00","-8277.00","-36262.00","--","--","-36262.00","-33656.00","--","-69918.00","-36209.00","--","-53.00","-69771.00","--","-147.00","-0.33"
"115/06/06","114","2","8121","越峰","1447629.00","1232138.00","--","--","215491.00","--","--","215491.00","288105.00","0.00","-72614.00","-28429.00","-101043.00","-5522.00","-95521.00","--","--","-95521.00","-196751.00","--","-292272.00","-82007.00","--","-13514.00","-227565.00","--","-64707.00","-0.39"
"115/06/06","114","2","8147","正淩","842767.00","512757.00","--","--","330010.00","--","--","330010.00","232071.00","--","97939.00","-501.00","97438.00","20268.00","77170.00","--","--","77170.00","-70193.00","--","6977.00","76042.00","--","1128.00","5868.00","--","1109.00","1.87"
"115/06/06","114","2","8155","博智","2351404.00","2087955.00","--","--","263449.00","--","--","263449.00","201257.00","--","62192.00","-6331.00","55861.00","117.00","55744.00","--","--","55744.00","-386.00","--","55358.00","55744.00","0.00","0.00","55358.00","0.00","0.00","1.04"
"115/06/06","114","2","8171","天宇","138732.00","182660.00","--","--","-43928.00","--","--","-43928.00","266010.00","--","-309938.00","-135939.00","-445877.00","-58312.00","-387565.00","--","--","-387565.00","3316.00","--","-384249.00","-387062.00","--","-503.00","-383746.00","--","-503.00","-4.13"
"115/06/06","114","2","8176","智捷","216936.00","152982.00","--","--","63954.00","--","--","63954.00","58402.00","-387.00","5165.00","2431.00","7596.00","2330.00","5266.00","--","--","5266.00","-28536.00","--","-23270.00","5689.00","--","-423.00","-20689.00","--","-2581.00","0.08"
"115/06/06","114","2","8182","加高","1381896.00","1160132.00","--","--","221764.00","--","--","221764.00","164161.00","--","57603.00","-64979.00","-7376.00","24117.00","-31493.00","--","--","-31493.00","-200895.00","--","-232388.00","-31576.00","--","83.00","-231939.00","--","-449.00","-0.29"
"115/06/06","114","2","8183","精星","3275665.00","2912873.00","--","--","362792.00","--","--","362792.00","289796.00","--","72996.00","-57154.00","15842.00","19635.00","-3793.00","--","--","-3793.00","-219273.00","--","-223066.00","-3793.00","--","--","-223066.00","--","--","-0.03"
"115/06/06","114","2","8227","巨有科技","472661.00","363363.00","--","--","109298.00","--","--","109298.00","74274.00","0.00","35024.00","-27775.00","7249.00","2003.00","5246.00","--","--","5246.00","--","--","5246.00","--","--","--","--","--","--","0.13"
"115/06/06","114","2","8234","新漢","3133501.00","2303037.00","--","--","830464.00","--","--","830464.00","698945.00","--","131519.00","-68783.00","62736.00","9707.00","53029.00","--","--","53029.00","-52834.00","--","195.00","57577.00","--","-4548.00","1724.00","--","-1529.00","0.41"
"115/06/06","114","2","8240","華宏","3621624.00","3053528.00","--","--","568096.00","--","--","568096.00","392975.00","--","175121.00","-19839.00","155282.00","51438.00","103844.00","--","--","103844.00","-435762.00","--","-331918.00","101138.00","--","2706.00","-322582.00","--","-9336.00","1.01"
"115/06/06","114","2","8255","朋程","4279802.00","3074680.00","--","--","1205122.00","--","--","1205122.00","732440.00","--","472682.00","-134052.00","338630.00","69030.00","269600.00","--","--","269600.00","-763852.00","--","-494252.00","274664.00","--","-5064.00","-488944.00","--","-5308.00","2.70"
"115/06/06","114","2","8272","全景軟體","198050.00","49008.00","--","--","149042.00","--","--","149042.00","115974.00","--","33068.00","3717.00","36785.00","7827.00","28958.00","--","--","28958.00","--","--","28958.00","--","--","--","--","--","--","1.52"
"115/06/06","114","2","8277","商丞","154460.00","108471.00","--","--","45989.00","--","--","45989.00","70306.00","--","-24317.00","-1661.00","-25978.00","-113.00","-25865.00","--","--","-25865.00","1373.00","--","-24492.00","-17746.00","--","-8119.00","-16373.00","0.00","-8119.00","-0.19"
"115/06/06","114","2","8279","生展","1093486.00","699274.00","--","--","394212.00","--","--","394212.00","206716.00","--","187496.00","-4322.00","183174.00","34487.00","148687.00","--","--","148687.00","-763.00","--","147924.00","148687.00","--","--","147924.00","--","--","5.49"
"115/06/06","114","2","8284","三竹","1393994.00","1089439.00","--","--","304555.00","--","--","304555.00","195760.00","--","108795.00","-38350.00","70445.00","14912.00","55533.00","--","--","55533.00","--","--","55533.00","55533.00","--","--","55533.00","--","--","1.20"
"115/06/06","114","2","8289","泰藝","916712.00","693761.00","--","--","222951.00","--","--","222951.00","211561.00","--","11390.00","-30154.00","-18764.00","7569.00","-26333.00","--","--","-26333.00","-103191.00","--","-129524.00","-26333.00","--","0.00","-129524.00","--","0.00","-0.39"
"115/06/06","114","2","8291","尚茂","880.00","8255.00","--","--","-7375.00","--","--","-7375.00","9387.00","--","-16762.00","-2029.00","-18791.00","-20.00","-18771.00","--","--","-18771.00","--","--","-18771.00","--","--","--","--","--","--","-1.07"
"115/06/06","114","2","8299","群聯","31728636.00","22191298.00","--","--","9537338.00","57447.00","--","9479891.00","5972175.00","--","3507716.00","-1156122.00","2351594.00","466249.00","1885345.00","--","--","1885345.00","-461066.00","--","1424279.00","1885144.00","--","201.00","1424379.00","--","-100.00","9.14"
"115/06/06","114","2","8342","益張","776749.00","566075.00","--","--","210674.00","--","--","210674.00","94021.00","--","116653.00","-25094.00","91559.00","12698.00","78861.00","--","--","78861.00","-20147.00","--","58714.00","78834.00","--","27.00","58755.00","--","-41.00","2.35"
"115/06/06","114","2","8349","�矬ㄟ篕�","5631224.00","4450780.00","--","--","1180444.00","--","--","1180444.00","833938.00","134.00","346640.00","-160041.00","186599.00","70794.00","115805.00","--","--","115805.00","-797497.00","--","-681692.00","138585.00","--","-22780.00","-549684.00","--","-132008.00","0.65"
"115/06/06","114","2","8354","冠好","326243.00","278444.00","--","--","47799.00","--","--","47799.00","42060.00","--","5739.00","-118262.00","-112523.00","-19615.00","-92908.00","--","--","-92908.00","-52742.00","--","-145650.00","-92908.00","--","--","-145650.00","--","--","-1.18"
"115/06/06","114","2","8358","金居","3729998.00","2989521.00","--","--","740477.00","--","--","740477.00","117401.00","--","623076.00","-85344.00","537732.00","105739.00","431993.00","--","--","431993.00","-19647.00","--","412346.00","431993.00","--","--","412346.00","--","--","1.71"
"115/06/06","114","2","8383","千附","1558244.00","1126575.00","--","--","431669.00","--","--","431669.00","193949.00","--","237720.00","-41423.00","196297.00","38350.00","157947.00","--","--","157947.00","-6264.00","--","151683.00","122734.00","--","35213.00","116470.00","--","35213.00","1.09"
"115/06/06","114","2","8390","金益鼎","2407238.00","1959849.00","--","--","447389.00","--","--","447389.00","135412.00","--","311977.00","7442.00","319419.00","57421.00","261998.00","--","--","261998.00","-111977.00","--","150021.00","263444.00","--","-1446.00","159180.00","--","-9159.00","2.74"
"115/06/06","114","2","8401","白紗科","732604.00","516684.00","--","--","215920.00","--","--","215920.00","130771.00","--","85149.00","10494.00","95643.00","19308.00","76335.00","--","--","76335.00","--","--","76335.00","--","--","--","--","--","--","1.16"
"115/06/06","114","2","8403","盛弘","2124342.00","1774713.00","--","--","349629.00","--","--","349629.00","336950.00","39870.00","52549.00","-7139.00","45410.00","14011.00","31399.00","--","--","31399.00","-50619.00","--","-19220.00","58946.00","--","-27547.00","15340.00","--","-34560.00","0.45"
"115/06/06","114","2","8409","商之器","56729.00","19104.00","--","--","37625.00","0.00","79.00","37704.00","84605.00","--","-46901.00","1380.00","-45521.00","-598.00","-44923.00","--","--","-44923.00","-6874.00","--","-51797.00","-44923.00","--","--","-51797.00","--","--","-1.40"
"115/06/06","114","2","8410","森田","567592.00","358211.00","--","--","209381.00","--","--","209381.00","108818.00","--","100563.00","-104580.00","-4017.00","-782.00","-3235.00","--","--","-3235.00","0.00","--","-3235.00","--","--","--","--","--","--","-0.09"
"115/06/06","114","2","8415","大國鋼","11841090.00","7579879.00","--","--","4261211.00","--","--","4261211.00","2332116.00","1522.00","1930617.00","-251782.00","1678835.00","432799.00","1246036.00","--","--","1246036.00","-663870.00","--","582166.00","1255000.00","--","-8964.00","581139.00","--","1027.00","1.22"
"115/06/06","114","2","8416","實威","766399.00","376231.00","--","--","390168.00","--","--","390168.00","221872.00","--","168296.00","23431.00","191727.00","40832.00","150895.00","--","--","150895.00","-10996.00","--","139899.00","150895.00","--","--","139899.00","--","--","5.35"
"115/06/06","114","2","8421","旭源","579797.00","475548.00","--","--","104249.00","1591.00","3285.00","105943.00","107930.00","--","-1987.00","-28040.00","-30027.00","-5323.00","-24704.00","--","--","-24704.00","-38315.00","--","-63019.00","-29789.00","--","5085.00","-68499.00","--","5480.00","-0.55"
"115/06/06","114","2","8423","保綠-KY","194497.00","141826.00","--","--","52671.00","--","--","52671.00","29846.00","--","22825.00","-7578.00","15247.00","4255.00","10992.00","--","--","10992.00","-10632.00","--","360.00","10992.00","--","--","360.00","--","--","0.27"
"115/06/06","114","2","8424","惠普","554606.00","364823.00","--","--","189783.00","--","--","189783.00","69505.00","--","120278.00","7450.00","127728.00","25361.00","102367.00","--","--","102367.00","--","--","102367.00","102367.00","--","--","102367.00","--","--","2.84"
"115/06/06","114","2","8426","紅木-KY","1096507.00","868170.00","--","--","228337.00","--","--","228337.00","271074.00","--","-42737.00","-16417.00","-59154.00","10186.00","-69340.00","--","--","-69340.00","-80340.00","--","-149680.00","-69340.00","--","--","-149680.00","--","--","-1.38"
"115/06/06","114","2","8431","匯鑽科","480290.00","403666.00","--","--","76624.00","--","--","76624.00","101430.00","--","-24806.00","-3374.00","-28180.00","3948.00","-32128.00","--","--","-32128.00","-83806.00","--","-115934.00","-30402.00","--","-1726.00","-105313.00","--","-10621.00","-0.70"
"115/06/06","114","2","8432","東生華","556414.00","257213.00","--","--","299201.00","--","--","299201.00","207607.00","--","91594.00","4510.00","96104.00","28755.00","67349.00","--","--","67349.00","-26086.00","--","41263.00","56613.00","--","10736.00","30527.00","--","10736.00","1.47"
"115/06/06","114","2","8433","弘帆","1549151.00","1153945.00","--","--","395206.00","--","--","395206.00","236930.00","--","158276.00","-232935.00","-74659.00","-3371.00","-71288.00","--","--","-71288.00","-154843.00","--","-226131.00","-71288.00","--","0.00","-226131.00","--","0.00","-1.31"
"115/06/06","114","2","8435","鉅邁","299467.00","146818.00","--","--","152649.00","--","--","152649.00","82607.00","--","70042.00","-12572.00","57470.00","15161.00","42309.00","--","--","42309.00","-19365.00","--","22944.00","42309.00","--","--","22944.00","--","--","1.33"
"115/06/06","114","2","8436","大江","3383190.00","1942512.00","--","--","1440678.00","--","--","1440678.00","959284.00","--","481394.00","338.00","481732.00","40053.00","441679.00","--","--","441679.00","-346663.00","--","95016.00","374642.00","--","67037.00","23370.00","--","71646.00","3.39"
"115/06/06","114","2","8437","大地-KY","114111.00","97484.00","--","--","16627.00","--","--","16627.00","75187.00","--","-58560.00","13651.00","-44909.00","-18519.00","-26390.00","--","--","-26390.00","-225084.00","--","-251474.00","-26390.00","--","--","-251474.00","--","--","-0.55"
"115/06/06","114","2","8440","綠電","480196.00","449400.00","--","--","30796.00","--","--","30796.00","23914.00","--","6882.00","-5705.00","1177.00","1638.00","-461.00","--","--","-461.00","--","--","-461.00","-461.00","--","--","-461.00","--","--","-0.01"
"115/06/06","114","2","8444","綠河-KY","1968166.00","2080001.00","--","--","-111835.00","--","--","-111835.00","325368.00","--","-437203.00","265998.00","-171205.00","7617.00","-178822.00","--","--","-178822.00","-295245.00","--","-474067.00","-173897.00","--","-4925.00","-472809.00","--","-1258.00","-1.59"
"115/06/06","114","2","8446","華研","519919.00","164857.00","--","--","355062.00","--","--","355062.00","132899.00","--","222163.00","176255.00","398418.00","65303.00","333115.00","--","--","333115.00","-779.00","--","332336.00","333642.00","--","-527.00","332842.00","--","-506.00","6.31"
"115/06/06","114","2","8450","霹靂","115447.00","98067.00","--","--","17380.00","--","--","17380.00","106785.00","--","-89405.00","-37067.00","-126472.00","-1.00","-126471.00","--","--","-126471.00","-2789.00","--","-129260.00","-125351.00","--","-1120.00","-127975.00","--","-1285.00","-2.44"
"115/06/06","114","2","8455","大拓-KY","590158.00","525632.00","--","--","64526.00","--","--","64526.00","71437.00","--","-6911.00","-1163.00","-8074.00","-1164.00","-6910.00","--","--","-6910.00","-3774.00","--","-10684.00","-913.00","--","-5997.00","-4687.00","--","-5997.00","-0.04"
"115/06/06","114","2","8472","夠麻吉","220991.00","132208.00","--","--","88783.00","--","--","88783.00","111580.00","--","-22797.00","-731.00","-23528.00","10.00","-23538.00","--","--","-23538.00","--","--","-23538.00","-23538.00","--","--","-23538.00","--","--","-1.33"
"115/06/06","114","2","8477","創業家","256552.00","219327.00","--","--","37225.00","--","--","37225.00","85028.00","--","-47803.00","18346.00","-29457.00","0.00","-29457.00","--","--","-29457.00","--","--","-29457.00","-29457.00","--","0.00","-29457.00","--","0.00","-0.46"
"115/06/06","114","2","8489","三貝德","612032.00","289078.00","--","--","322954.00","--","--","322954.00","301856.00","--","21098.00","-4031.00","17067.00","9570.00","7497.00","--","--","7497.00","-261.00","--","7236.00","-18624.00","--","26121.00","-18885.00","--","26121.00","-0.50"
"115/06/06","114","2","8905","裕國","980359.00","884150.00","--","--","96209.00","--","--","96209.00","60734.00","--","35475.00","15777.00","51252.00","10401.00","40851.00","--","--","40851.00","-2606.00","--","38245.00","40850.00","--","1.00","38249.00","--","-4.00","0.35"
"115/06/06","114","2","8906","花王","101002.00","86397.00","--","--","14605.00","--","--","14605.00","22649.00","--","-8044.00","-8096.00","-16140.00","0.00","-16140.00","--","--","-16140.00","15175.00","--","-965.00","--","--","--","--","--","--","-0.38"
"115/06/06","114","2","8908","欣雄","5383462.00","4841632.00","--","--","541830.00","--","--","541830.00","115101.00","--","426729.00","-1520.00","425209.00","87834.00","337375.00","--","--","337375.00","28855.00","--","366230.00","337462.00","--","-87.00","366317.00","--","-87.00","1.10"
"115/06/06","114","2","8916","光隆","4098741.00","3457210.00","--","--","641531.00","--","--","641531.00","369230.00","--","272301.00","-76767.00","195534.00","43012.00","152522.00","--","--","152522.00","-454947.00","--","-302425.00","152522.00","--","0.00","-302425.00","--","0.00","1.00"
"115/06/06","114","2","8917","欣泰","1634049.00","1324439.00","--","--","309610.00","--","--","309610.00","60176.00","--","249434.00","-6091.00","243343.00","52309.00","191034.00","--","--","191034.00","45.00","--","191079.00","--","--","--","--","--","--","1.17"
"115/06/06","114","2","8921","沈氏","293974.00","262085.00","--","--","31889.00","--","--","31889.00","47340.00","--","-15451.00","2503.00","-12948.00","-13.00","-12935.00","--","--","-12935.00","-20440.00","--","-33375.00","-13298.00","--","363.00","-12467.00","--","-20908.00","-0.29"
"115/06/06","114","2","8923","時報","237641.00","131264.00","--","--","106377.00","--","--","106377.00","90666.00","--","15711.00","4141.00","19852.00","3578.00","16274.00","--","--","16274.00","-989.00","--","15285.00","16274.00","--","--","15285.00","--","--","0.54"
"115/06/06","114","2","8924","大田","1885044.00","1569563.00","--","--","315481.00","--","--","315481.00","195052.00","--","120429.00","124820.00","245249.00","51721.00","193528.00","--","--","193528.00","-547372.00","--","-353844.00","193528.00","--","--","-353844.00","--","--","2.31"
"115/06/06","114","2","8927","北基","5053624.00","4224861.00","--","--","828763.00","--","--","828763.00","580586.00","--","248177.00","-172302.00","75875.00","40421.00","35454.00","--","--","35454.00","7518.00","--","42972.00","28786.00","--","6668.00","35481.00","--","7491.00","0.07"
"115/06/06","114","2","8928","鉅明","1756885.00","1511637.00","--","--","245248.00","--","--","245248.00","184220.00","--","61028.00","-78676.00","-17648.00","-11262.00","-6386.00","--","--","-6386.00","-32405.00","--","-38791.00","-6386.00","--","--","-38791.00","--","--","-0.13"
"115/06/06","114","2","8929","富堡","349999.00","263368.00","--","--","86631.00","--","--","86631.00","112265.00","--","-25634.00","-9897.00","-35531.00","-1451.00","-34080.00","--","--","-34080.00","-61397.00","--","-95477.00","-32437.00","--","-1643.00","-91802.00","--","-3675.00","-0.64"
"115/06/06","114","2","8930","青鋼","739118.00","539809.00","--","--","199309.00","--","--","199309.00","75751.00","--","123558.00","-25825.00","97733.00","18884.00","78849.00","--","--","78849.00","--","--","78849.00","--","--","--","--","--","--","0.96"
"115/06/06","114","2","8931","大汽電","1214828.00","945181.00","--","--","269647.00","--","--","269647.00","76939.00","--","192708.00","-1750.00","190958.00","15137.00","175821.00","--","--","175821.00","-18472.00","--","157349.00","--","--","--","--","--","--","1.44"
"115/06/06","114","2","8932","智通*","1152302.00","450964.00","--","--","701338.00","--","--","701338.00","172865.00","--","528473.00","-63541.00","464932.00","121412.00","343520.00","--","--","343520.00","-59240.00","--","284280.00","303390.00","--","40130.00","249356.00","--","34924.00","1.86"
"115/06/06","114","2","8933","愛地雅","1460216.00","1453316.00","--","--","6900.00","--","--","6900.00","166716.00","--","-159816.00","-53099.00","-212915.00","21951.00","-234866.00","--","--","-234866.00","-93237.00","--","-328103.00","-234866.00","--","--","-328103.00","--","--","-0.72"
"115/06/06","114","2","8935","邦泰","273389.00","243309.00","--","--","30080.00","--","--","30080.00","72292.00","--","-42212.00","1023.00","-41189.00","681.00","-41870.00","--","--","-41870.00","-65595.00","--","-107465.00","-41870.00","--","--","-107465.00","--","--","-0.37"
"115/06/06","114","2","8936","國統","2763576.00","2041465.00","--","--","722111.00","--","--","722111.00","143567.00","--","578544.00","-13028.00","565516.00","129620.00","435896.00","--","--","435896.00","-115674.00","--","320222.00","399298.00","--","36598.00","283624.00","--","36598.00","1.61"
"115/06/06","114","2","8937","合騏*","40350.00","53881.00","--","--","-13531.00","--","--","-13531.00","32213.00","--","-45744.00","-155954.00","-201698.00","-8339.00","-193359.00","--","--","-193359.00","-3119.00","--","-196478.00","-188940.00","--","-4419.00","-192059.00","--","-4419.00","-1.86"
"115/06/06","114","2","8938","明安","7883297.00","6714376.00","--","--","1168921.00","--","--","1168921.00","813148.00","77900.00","433673.00","-35655.00","398018.00","64924.00","333094.00","--","--","333094.00","-276532.00","--","56562.00","333094.00","--","0.00","56562.00","--","0.00","2.18"
"115/06/06","114","2","8941","關中","1511058.00","1081935.00","--","--","429123.00","--","--","429123.00","387058.00","--","42065.00","-28900.00","13165.00","1317.00","11848.00","--","--","11848.00","-117177.00","--","-105329.00","15129.00","--","-3281.00","-96317.00","--","-9012.00","0.43"
"115/06/06","114","2","8942","森鉅","2511076.00","1647309.00","--","--","863767.00","0.00","34.00","863801.00","429250.00","--","434551.00","-274882.00","159669.00","95405.00","64264.00","--","--","64264.00","-90986.00","--","-26722.00","117123.00","--","-52859.00","49856.00","--","-76578.00","0.59"
"115/06/06","114","2","9949","琉園","65102.00","27288.00","--","--","37814.00","--","--","37814.00","66700.00","--","-28886.00","-21790.00","-50676.00","-4457.00","-46219.00","--","--","-46219.00","-15595.00","--","-61814.00","-46219.00","--","--","-61814.00","--","--","-1.05"
"115/06/06","114","2","9950","萬國通","1185843.00","915833.00","--","--","270010.00","--","--","270010.00","274776.00","--","-4766.00","-47231.00","-51997.00","474.00","-52471.00","--","--","-52471.00","-9308.00","--","-61779.00","-53607.00","--","1136.00","-60662.00","--","-1117.00","-0.32"
"115/06/06","114","2","9951","皇田","3013618.00","2259461.00","--","--","754157.00","--","--","754157.00","514725.00","--","239432.00","-42780.00","196652.00","38653.00","157999.00","--","--","157999.00","-170910.00","--","-12911.00","157999.00","--","--","-12911.00","--","--","2.11"
"115/06/06","114","2","9960","邁達康","317426.00","206351.00","--","--","111075.00","--","--","111075.00","85925.00","--","25150.00","-5177.00","19973.00","4933.00","15040.00","--","--","15040.00","-32172.00","--","-17132.00","15040.00","--","--","-17132.00","--","--","0.45"
"115/06/06","114","2","9962","有益","1151570.00","1109660.00","--","--","41910.00","--","--","41910.00","45601.00","--","-3691.00","-13911.00","-17602.00","-3820.00","-13782.00","--","--","-13782.00","-130.00","--","-13912.00","-13782.00","--","0.00","-13912.00","--","0.00","-0.15"
